0.676405 0.308889 0.23755;
0.676405 0.302918 0.211756;
0.67559 0.302918 0.211756;
0.67559 0.298907 0.158687;
0.67559 0.298907 0.158687;
0.67559 0.298907 0.158687;
0.682783 0.298907 0.158687;
0.682783 0.300132 0.157586;
0.689248 0.300132 0.157586;
0.695056 0.306386 0.215188;
0.701463 0.315298 0.170501;
0.701463 0.322002 0.141895;
0.701463 0.322002 0.141895;
0.707217 0.322002 0.141895;
0.707217 0.321617 0.203273;
0.707217 0.321617 0.203273;
0.704922 0.321617 0.203273;
0.694672 0.3315 0.16199;
0.694672 0.353085 0.143011;
0.6892 0.353085 0.143011;
0.691738 0.358608 0.172443;
0.691738 0.361736 0.21426;
0.695619 0.361736 0.21426;
0.695619 0.385569 0.192792;
0.699102 0.385569 0.192792;
0.699102 0.422237 0.208962;
0.699102 0.422237 0.208962;
0.702228 0.422237 0.208962;
0.705032 0.449105 0.21044;
0.699963 0.468879 0.230572;
0.685919 0.486668 0.273406;
0.673282 0.50267 0.376149;
0.66191 0.51083 0.386217;
0.66191 0.506051 0.424392;
0.661395 0.506051 0.424392;
0.661395 0.493248 0.411658;
0.661395 0.493248 0.411658;
0.661395 0.493248 0.411658;
0.661395 0.493248 0.411658;
0.668164 0.493248 0.411658;
0.668164 0.481723 0.461062;
0.668164 0.481723 0.461062;
0.668164 0.481723 0.461062;
0.682641 0.481723 0.461062;
0.682641 0.471348 0.475411;
0.682641 0.471348 0.475411;
0.682641 0.471348 0.475411;
0.697923 0.471348 0.475411;
0.697923 0.472071 0.412295;
0.697923 0.472071 0.412295;
0.711659 0.472071 0.412295;
0.724001 0.48444 0.384355;
0.733004 0.495565 0.297328;
0.733004 0.511697 0.278555;
0.733004 0.511697 0.278555;
0.737423 0.511697 0.278555;
0.737092 0.526205 0.337197;
0.730468 0.533829 0.323259;
0.730468 0.538777 0.290398;
0.730468 0.538777 0.290398;
0.730468 0.538777 0.290398;
0.730468 0.538777 0.290398;
0.727905 0.538777 0.290398;
0.727905 0.541552 0.343111;
0.727905 0.541552 0.343111;
0.725592 0.541552 0.343111;
0.725592 0.544041 0.414986;
0.725592 0.544041 0.414986;
0.718181 0.544041 0.414986;
0.706234 0.538446 0.49429;
0.70076 0.528412 0.493056;
0.701 0.508448 0.496282;
0.703919 0.481869 0.417228;
0.706538 0.457949 0.49251;
0.706538 0.445015 0.538624;
0.706538 0.445015 0.538624;
0.706538 0.445015 0.538624;
0.715068 0.445015 0.538624;
0.72273 0.435716 0.582895;
0.726842 0.427937 0.595564;
0.727922 0.428276 0.731411;
0.727922 0.429577 0.673127;
0.727922 0.429577 0.673127;
0.716313 0.429577 0.673127;
0.694137 0.435577 0.623779;
0.66915 0.444751 0.551803;
0.646669 0.448092 0.527535;
0.622315 0.446261 0.502848;
0.622315 0.444609 0.480324;
0.622315 0.444609 0.480324;
0.588918 0.444609 0.480324;
0.571912 0.44367 0.443521;
0.557224 0.440574 0.391293;
0.541227 0.43514 0.401563;
0.541227 0.427394 0.368758;
0.52683 0.427394 0.368758;
0.516653 0.420421 0.363952;
0.516653 0.414822 0.332559;
0.516653 0.414822 0.332559;
0.512379 0.414822 0.332559;
0.512379 0.409781 0.389867;
0.516372 0.409781 0.389867;
0.519966 0.405243 0.352287;
0.523201 0.404324 0.317625;
0.524574 0.403495 0.303689;
0.512719 0.402747 0.247805;
0.492848 0.402024 0.214248;
0.472029 0.405084 0.190384;
0.4533 0.405517 0.158277;
0.436757 0.400301 0.167252;
0.423622 0.395356 0.200101;
0.411813 0.388906 0.176117;
0.401199 0.381746 0.165224;
0.391662 0.372655 0.261172;
0.395745 0.362566 0.295343;
0.410873 0.353485 0.282166;
0.424355 0.345312 0.235499;
0.431975 0.337947 0.223204;
0.438833 0.331846 0.216918;
0.445007 0.328031 0.244391;
0.437966 0.326435 0.224698;
0.437966 0.325902 0.250703;
0.427083 0.325902 0.250703;
0.406364 0.327202 0.278409;
0.379193 0.330404 0.284188;
0.379193 0.337802 0.251056;
0.379193 0.337802 0.251056;
0.361097 0.337802 0.251056;
0.351965 0.343596 0.194273;
0.347577 0.348148 0.180776;
0.343755 0.352245 0.218122;
0.345929 0.348374 0.212281;
0.348056 0.343614 0.240138;
0.349981 0.33933 0.230276;
0.35118 0.334081 0.2134;
0.35227 0.328801 0.166386;
0.353262 0.325443 0.144402;
0.355382 0.32458 0.110043;
0.355382 0.322811 0.0795342;
0.355382 0.322811 0.0795342;
0.35356 0.322811 0.0795342;
0.355199 0.319997 0.0598498;
0.358527 0.319412 0.0197352;
0.359686 0.321368 0.00562145;
0.359686 0.322975 0;
0.358821 0.322975 0;
0.358821 0.326013 0.0255825;
0.356473 0.326013 0.0255825;
0.354374 0.330562 0.0409204;
0.352499 0.338398 0.131824;
0.350826 0.349392 0.149268;
0.352065 0.359287 0.22531;
0.357601 0.368191 0.260919;
0.362589 0.375336 0.224539;
0.367081 0.373527 0.205984;
0.370789 0.365521 0.189067;
0.370789 0.358315 0.17599;
0.370789 0.358315 0.17599;
0.379255 0.358315 0.17599;
0.379255 0.351833 0.199545;
0.388765 0.351833 0.199545;
0.397321 0.347282 0.155806;
0.41287 0.345136 0.146353;
0.426861 0.343952 0.123284;
0.43945 0.342887 0.0742124;
0.444734 0.341927 0.0467786;
0.436709 0.341064 0.0380713;
0.422981 0.339598 0.044949;
0.410639 0.337398 0.0660463;
0.399455 0.331964 0.0342084;
0.388272 0.323561 0.00824552;
0.372512 0.315998 0.0146325;
0.361995 0.309192 0.0212215;
0.348448 0.308835 0.0374198;
0.327335 0.312295 0.0503367;
0.301743 0.316402 0.0424624;
0.286964 0.320099 0.0196091;
0.281122 0.322126 0.0244997;
0.271464 0.323951 0.0172593;
0.271464 0.325594 0.0208004;
0.271464 0.325594 0.0208004;
0.261169 0.325594 0.0208004;
0.259311 0.327072 0.0715663;
0.257674 0.330988 0.0496315;
0.252371 0.33889 0.0711572;
0.247646 0.349374 0.0415698;
0.243441 0.357067 0.0355018;
0.239369 0.362691 0.0958457;
0.234207 0.372498 0.120783;
0.229615 0.381496 0.143183;
0.225536 0.387651 0.128016;
0.219498 0.38844 0.129921;
0.214127 0.389148 0.110231;
0.214127 0.389614 0.0849138;
0.214127 0.389614 0.0849138;
0.206657 0.389614 0.0849138;
0.20001 0.385869 0.0941139;
0.191122 0.382498 0.0850003;
0.180398 0.379463 0.0709889;
0.170852 0.381162 0.0671114;
0.163108 0.388592 0.0542545;
0.156772 0.399312 0.0533457;
0.151169 0.408958 0.0403316;
0.156642 0.417637 0.0166603;
0.17264 0.420612 0.00914545;
0.189242 0.420962 0.00132582;
0.204165 0.42053 0.0201573;
0.217584 0.42014 0.0259368;
0.229653 0.419786 0.0488836;
0.240712 0.419466 0.0360102;
0.250521 0.419175 0.0397495;
0.252745 0.41921 0.0474327;
0.256551 0.419008 0.0594145;
0.267138 0.418825 0.00925149;
0.268402 0.418658 0;
0.262629 0.418506 0;
0.259725 0.418367 0;
0.257148 0.417574 0;
0.254866 0.417887 0;
0.251852 0.416158 0;
0.249179 0.413154 0.000115842;
0.248276 0.406791 0.00507292;
0.24425 0.401657 0.0212792;
0.240672 0.397035 0.00539641;
0.233736 0.392873 0;
0.227553 0.397134 0.0136004;
0.224853 0.400966 0;
0.221866 0.406984 0.00841501;
0.223535 0.419057 0.0202886;
0.226442 0.422411 0.0126047;
0.229087 0.416555 0.0344804;
0.231052 0.411283 0.0323749;
0.232851 0.412067 0.0167246;
0.242757 0.411954 0;
0.263464 0.406319 0;
0.290381 0.401245 0.00844522;
0.31935 0.392089 0;
0.347607 0.375687 0.0124514;
0.371464 0.360924 0.033738;
0.391704 0.347638 0.0726967;
0.409912 0.339629 0.0933494;
0.424211 0.335407 0.111809;
0.434309 0.333426 0.0723604;
0.438693 0.331643 0.0908188;
0.442641 0.330038 0.0802375;
0.446216 0.328328 0.0651515;
0.447746 0.321804 0.0804008;
0.4544 0.311476 0.0463135;
0.463869 0.301001 0.0157698;
0.47239 0.291575 0;
0.480819 0.283438 0.0116681;
0.480819 0.281675 0;
0.487977 0.281675 0;
0.494419 0.286851 0;
0.500216 0.291511 0;
0.505432 0.295706 0;
0.510127 0.299482 0;
0.508518 0.302878 0.0152654;
0.502218 0.303923 0.0219956;
0.493711 0.304864 0.00841137;
0.481482 0.305711 0;
0.467459 0.303647 0;
0.44901 0.301261 0.00375223;
0.427179 0.299114 0.00711748;
0.407548 0.299653 0.0193807;
0.389723 0.300138 0.00224709;
0.373998 0.300576 0;
0.363039 0.307337 0;
0.358576 0.316847 0;
0.359117 0.325406 0;
0.363154 0.333109 0;
0.366791 0.337972 0;
0.371055 0.343224 0.0514523;
0.37521 0.34795 0.0848354;
0.380336 0.349313 0.0741117;
0.402057 0.35054 0.0415766;
0.437168 0.351644 0.0398416;
0.437168 0.354089 0.117988;
0.468759 0.354089 0.117988;
0.468759 0.35629 0.129156;
0.497188 0.35629 0.129156;
0.519869 0.352699 0.171191;
0.526206 0.351412 0.232347;
0.512282 0.355825 0.192202;
0.485919 0.36133 0.240731;
0.45089 0.36926 0.261455;
0.419382 0.376396 0.270257;
0.39105 0.382817 0.2941;
0.369795 0.388595 0.290322;
0.355018 0.393965 0.246648;
0.343264 0.400156 0.226781;
0.332715 0.403991 0.197733;
0.32052 0.404869 0.171802;
0.309583 0.403885 0.128128;
0.299778 0.403666 0.107977;
0.294897 0.400349 0.0716521 ;
0.290535 0.397363 0.0580083;
0.289031 0.394674 0.0649536;
0.290788 0.397312 0.0726721;
0.298578 0.404147 0.0531878;
0.309675 0.410296 0.0169995;
0.327809 0.415829 0.0549388;
0.346584 0.414759 0.0732439;
0.363469 0.404965 0.0570211;
0.378298 0.394202 0.0301724;
0.390116 0.384514 0.01993;
0.394737 0.375795 0.0112362;
0.396483 0.366412 0.0143623;
0.397451 0.362275 0;
0.398329 0.358551 0.0074252;
0.401755 0.354307 0;
0.41064 0.346586 0;
0.418418 0.337564 0.0137601;
0.42818 0.329 0.0129412;
0.436964 0.32092 0.0303147;
0.438384 0.312 0.0185916;
0.438177 0.303973 0.00388278;
0.434099 0.296749 0;
0.428207 0.291897 0.0411854;
0.417434 0.288915 0.00730503;
0.407749 0.287888 0.0125213;
0.399045 0.287012 0.0216675;
0.395757 0.286224 0.0282818;
0.400437 0.285516 0.0245623;
0.408875 0.282545 0.0334712;
0.418671 0.278511 0.0210394;
0.429328 0.273693 0.045389;
0.437077 0.269203 0.0484585;
0.444053 0.265163 0.0498071;
0.446845 0.262719 0.0796193;
0.443707 0.263394 0.0910371;
0.434881 0.269072 0.0999069;
0.418191 0.282668 0.114125;
0.393261 0.303535 0.116396;
0.362275 0.322316 0.103816;
0.332808 0.339509 0.0861023;
0.306349 0.354984 0.112731;
0.282609 0.366898 0.10052;
0.261094 0.376363 0.0962377;
0.241817 0.383727 0.0779939;
0.22709 0.390354 0.0651136;
0.217951 0.395401 0.0544625;
0.21736 0.398409 0.0304369;
0.224411 0.399546 0.0482458;
0.233175 0.400568 0.0307224;
0.24107 0.403055 0.00851585;
0.248185 0.407662 0.0198626;
0.24745 0.414363 0.0103059;
0.239491 0.423568 0.0372945;
0.232387 0.437209 0.0292577;
0.226051 0.457616 0.0281263;
0.218153 0.478429 0.0316651;
0.217076 0.497152 0.0225657;
0.220454 0.516823 0.052557;
0.223888 0.531689 0.0345698;
0.235684 0.541685 0.0597026;
0.261272 0.539759 0.0905417;
0.286971 0.526216 0.108714;
0.316728 0.509245 0.0979468;
0.343478 0.488685 0.109673;
0.367531 0.466518 0.0672703;
0.389164 0.445907 0.100794;
0.408159 0.425038 0.0690302;
0.42525 0.406256 0.0815835;
0.432389 0.389351 0.106121;
0.431688 0.376851 0.110946;
0.421148 0.369569 0.115142;
0.409342 0.365366 0.0986253;
0.409342 0.369684 0.0660707;
0.392295 0.369684 0.0660707;
0.376973 0.379858 0.205367;
0.376973 0.392002 0.239524;
0.366324 0.392002 0.239524;
0.363193 0.40293 0.321806;
0.367364 0.409773 0.406195;
0.375357 0.414421 0.397583;
0.382551 0.41379 0.342752;
0.389026 0.406118 0.290936;
0.389373 0.395816 0.23644;
0.381333 0.386543 0.209474;
0.371787 0.380558 0.196021;
0.363215 0.377775 0.2263;
0.350278 0.374521 0.208265;
0.338664 0.372117 0.170872;
0.329852 0.371244 0.168873;
0.323109 0.370457 0.212619;
0.311834 0.368457 0.190731;
0.300086 0.366407 0.151366;
0.287873 0.36392 0.14706;
0.280219 0.360861 0.111462;
0.27501 0.358108 0.0916063;
0.269295 0.35563 0.103167;
0.26254 0.357688 0.100467;
0.25805 0.364444 0.100546;
0.254048 0.372525 0.116891;
0.245434 0.382423 0.123718;
0.235011 0.391703 0.139843;
0.225698 0.400054 0.128856;
0.218717 0.407568 0.142452;
0.211404 0.414481 0.129425;
0.20604 0.424193 0.112718;
0.202365 0.432567 0.112994;
0.204183 0.445111 0.0971196;
0.207305 0.456398 0.0987423;
0.209982 0.466551 0.0957538;
0.213805 0.469035 0.116644;
0.224257 0.464933 0.114983;
0.237172 0.460734 0.106345;
0.248789 0.452949 0.072699;
0.260378 0.443044 0.0377126;
0.270805 0.434128 0.00964512;
0.280189 0.426102 0;
0.290275 0.42574 0;
0.299352 0.431118 0;
0.304995 0.435955 0;
0.303314 0.440306 0.0137361;
0.308488 0.437036 0.0162429;
0.313152 0.425021 0.00802034;
0.315192 0.413557 0;
0.31487 0.403238 0.0020923;
0.311044 0.395362 0;
0.311175 0.388107 0;
0.311309 0.381742 0;
0.30819 0.376012 0;
0.301413 0.37069 0;
0.294868 0.365899 0.0226951;
0.277608 0.361952 0.00795152;
0.268069 0.368619 0;
0.257126 0.377891 0.015127;
0.249739 0.392917 0.00128097;
0.246614 0.412217 0.00035201;
0.247004 0.423805 0;
0.247703 0.433814 0.0137451;
0.248359 0.442818 0.00280836;
0.248978 0.449451 0;
0.242801 0.455417 0.00816339;
0.237291 0.457526 0.0189856;
0.232381 0.454149 0.0148889;
0.232305 0.451108 0.00618972;
0.249093 0.448368 0.00293261;
0.267599 0.445899 0.00494683;
0.288155 0.443347 0.0229571;
0.306917 0.440205 0.0213928 ;
0.323787 0.436938 0.0567414;
0.33504 0.433996 0.153684;
0.345165 0.431627 0.197447;
0.357626 0.424317 0.195528;
0.364556 0.413796 0.165212;
0.371153 0.399878 0.215533;
0.384192 0.379481 0.217865;
0.400452 0.354672 0.192977;
0.420426 0.330321 0.159495;
0.445726 0.308405 0.11858;
0.474423 0.288681 0.119696;
0.507365 0.271107 0.0722556;
0.531608 0.263284 0.0860556;
0.553427 0.269092 0.189994;
0.553427 0.288432 0.2318;
0.553427 0.288432 0.2318;
0.573064 0.288432 0.2318;
0.58662 0.316004 0.237435;
0.59882 0.340819 0.249933;
0.609797 0.363152 0.226693;
0.619728 0.381972 0.213246;
0.62565 0.394953 0.247139;
0.630789 0.404591 0.260096;
0.630789 0.409907 0.235424;
0.639916 0.409907 0.235424;
0.639916 0.409291 0.245172;
0.647715 0.409291 0.245172;
0.647715 0.408448 0.310325;
0.649187 0.408448 0.310325;
0.647933 0.406163 0.316346;
0.649571 0.403565 0.380557;
0.651042 0.401226 0.311079;
0.649594 0.394384 0.267756;
0.648289 0.388224 0.253055;
0.648289 0.384004 0.245725;
0.649881 0.384004 0.245725;
0.655391 0.380205 0.196812;
0.656844 0.375953 0.227919;
0.655641 0.364878 0.188923;
0.653183 0.351322 0.183907;
0.637546 0.340774 0.185376;
0.623473 0.331282 0.187908;
0.610807 0.322739 0.21257;
0.603585 0.317177 0.257463;
0.603585 0.313126 0.21626;
0.603585 0.313126 0.21626;
0.603585 0.313126 0.21626;
0.603341 0.313126 0.21626;
0.606166 0.311247 0.252663;
0.615218 0.312597 0.349576;
0.615218 0.31604 0.318745;
0.629994 0.31604 0.318745;
0.629994 0.320872 0.271784;
0.646324 0.320872 0.271784;
0.6635 0.328089 0.315698;
0.678949 0.334584 0.386705;
0.678949 0.343647 0.3696;
0.678949 0.343647 0.3696;
0.692841 0.343647 0.3696;
0.696798 0.348585 0.323349;
0.693372 0.355819 0.284419;
0.690286 0.369493 0.258889;
0.682061 0.381002 0.205238;
0.674658 0.391358 0.236157;
0.674114 0.392823 0.262575;
0.674114 0.395211 0.331028;
0.682719 0.395211 0.331028;
0.700295 0.390688 0.366723;
0.716095 0.382499 0.333413;
0.730295 0.375128 0.328013;
0.737371 0.371539 0.312767;
0.731906 0.372428 0.281639;
0.721769 0.368301 0.248715;
0.712648 0.364586 0.213136;
0.709653 0.361242 0.212576;
0.709653 0.348095 0.17385;
0.709653 0.348095 0.17385;
0.712673 0.348095 0.17385;
0.710785 0.327333 0.180191;
0.710785 0.308647 0.209439;
0.710785 0.308647 0.209439;
0.710785 0.308647 0.209439;
0.709082 0.308647 0.209439;
0.707543 0.291831 0.262886;
0.698764 0.282831 0.281053;
0.68895 0.291782 0.276531;
0.679183 0.302694 0.287828;
0.667474 0.312514 0.345299;
0.652229 0.321353 0.346716;
0.635141 0.320672 0.314857;
0.621618 0.314278 0.280824;
0.609449 0.303156 0.268774;
0.594287 0.293147 0.268093;
0.585816 0.28414 0.245623;
0.584588 0.271483 0.235823;
0.586465 0.266601 0.255392;
0.586093 0.27004 0.286144;
0.580581 0.275004 0.26241;
0.571199 0.294295 0.270783;
0.549238 0.31908 0.272583;
0.529473 0.341387 0.246934;
0.511685 0.361462 0.231641;
0.497894 0.366086 0.216705;
0.485485 0.361753 0.237799;
0.473387 0.357852 0.199486;
0.465179 0.354342 0.168451;
0.442467 0.350438 0.163598;
0.442467 0.343762 0.184056;
0.431171 0.343762 0.184056;
0.421014 0.34076 0.172001;
0.410707 0.338058 0.162551;
0.399975 0.335627 0.159467;
0.387798 0.333638 0.140627;
0.387798 0.334245 0.0957752;
0.376856 0.334245 0.0957752;
0.367025 0.334792 0.10843;
0.364664 0.335284 0.105713;
0.364664 0.331382 0.0750693;
0.384364 0.331382 0.0750693;
0.392761 0.312404 0.0757612;
0.392761 0.304314 0.0875418;
0.392761 0.304314 0.0875418;
0.403151 0.304314 0.0875418;
0.412501 0.298224 0.111747;
0.42238 0.29187 0.113365;
0.430197 0.28842 0.0778966;
0.437233 0.28685 0.0389154;
0.443566 0.286745 0.0214697;
0.441503 0.286651 0.0458526;
0.431113 0.294162 0.0342192;
0.420434 0.307602 0.0114766;
0.410833 0.320575 0;
0.402202 0.332251 0.0377013;
0.400201 0.342759 0.0548362;
0.405277 0.347969 0.062479;
0.409847 0.343942 0.0315211;
0.413962 0.338142 0.0366324;
0.407102 0.332923 0.0606225;
0.403361 0.324125 0.0280183;
0.400001 0.318712 0;
0.396986 0.314131 0.0242478;
0.401385 0.31159 0.08487;
0.408449 0.309303 0.112626;
0.414807 0.307246 0.171634;
0.418493 0.307314 0.144024;
0.416425 0.308556 0.165526 ;
0.416425 0.310679 0.14702;
0.414569 0.310679 0.14702;
0.416006 0.31259 0.136078;
0.417748 0.31431 0.11401;
0.423674 0.314471 0.156609;
0.431955 0.311157 0.141678;
0.431955 0.30604 0.129261;
0.439409 0.30604 0.129261;
0.44317 0.297659 0.120812;
0.446557 0.288382 0.135091;
0.45353 0.277176 0.117912;
0.458712 0.265486 0.101554;
0.456582 0.254967 0.0704389;
0.453925 0.248742 0.200898;
0.461797 0.256638 0.218956;
0.461797 0.274122 0.282107;
0.469111 0.274122 0.282107;
0.469111 0.289858 0.353217;
0.476383 0.289858 0.353217;
0.498543 0.304021 0.393354;
0.524127 0.313534 0.422243;
0.547154 0.322097 0.383884;
0.547154 0.326138 0.344017;
0.568856 0.326138 0.344017;
0.586819 0.329246 0.365994;
0.586819 0.332044 0.388914;
0.586819 0.332044 0.388914;
0.602984 0.332044 0.388914;
0.611482 0.334562 0.403699;
0.609268 0.336416 0.354563;
0.600605 0.338086 0.342645;
0.586152 0.33975 0.368267;
0.565439 0.342474 0.356097;
0.53189 0.34999 0.380112;
0.492504 0.360392 0.464688;
0.457064 0.372595 0.489813;
0.425182 0.383577 0.493544;
0.404065 0.391842 0.437189;
0.387604 0.39928 0.419068;
0.374921 0.404386 0.390881;
0.367451 0.403012 0.329667;
0.364652 0.3987 0.305071;
0.362144 0.394817 0.236637;
0.354541 0.391648 0.193062;
0.343534 0.394537 0.168924;
0.323099 0.40057 0.13374;
0.303627 0.410383 0.0960361;
0.284849 0.421015 0.0898014;
0.268775 0.433729 0.0695349;
0.254728 0.442584 0.0815116;
0.250213 0.447402 0.105606;
0.253329 0.449619 0.105035;
0.261948 0.451567 0.118182;
0.272966 0.447834 0.135812;
0.284817 0.435957 0.139449;
0.295479 0.419274 0.113042;
0.300731 0.40262 0.103456;
0.313706 0.38763 0.145949;
0.332088 0.374138 0.145709;
0.351634 0.363396 0.102143;
0.37319 0.353203 0.0717261;
0.392579 0.343552 0.0687462;
0.410022 0.334867 0.043247;
0.422246 0.323782 0.050643;
0.429585 0.31172 0.0678375;
0.433982 0.300864 0.0941677;
0.437941 0.289848 0.105773;
0.443715 0.279362 0.081105;
0.446934 0.269896 0.0966274;
0.45272 0.261379 0.119495;
0.463198 0.252238 0.0993913;
0.463198 0.242019 0.0842622;
0.463198 0.242019 0.0842622;
0.474161 0.242019 0.0842622;
0.493799 0.231725 0.0663614;
0.52051 0.22035 0.0807885;
0.54455 0.208695 0.100958;
0.566187 0.198209 0.0967826;
0.585659 0.190298 0.146126;
0.606273 0.185883 0.137501;
0.620679 0.199608 0.130462;
0.631123 0.224784 0.11222;
0.644985 0.247442 0.100216;
0.644985 0.267836 0.0534161;
0.66164 0.267836 0.0534161;
0.66164 0.281947 0.0687401;
0.671595 0.281947 0.0687401;
0.67797 0.294648 0.15141;
0.6837 0.29803 0.135363;
0.6837 0.299371 0.16781;
0.6837 0.299371 0.16781;
0.68885 0.299371 0.16781;
0.686368 0.307361 0.133413;
0.676457 0.314552 0.110997;
0.660482 0.315589 0.0812297;
0.638875 0.310816 0.0523477;
0.620172 0.307838 0.0742173;
0.603757 0.305158 0.0818789;
0.588983 0.302747 0.115645;
0.575686 0.303114 0.219669;
0.575686 0.303445 0.382324;
0.567739 0.303445 0.382324;
0.564404 0.303744 0.42485;
0.564631 0.303602 0.544233;
0.569675 0.298498 0.653637;
0.573175 0.291833 0.66795;
0.574136 0.285835 0.70882;
0.570947 0.280438 0.62684;
0.563947 0.276884 0.691159;
0.557648 0.273686 0.609469;
0.542354 0.272835 0.554661;
0.528589 0.27395 0.458875;
0.516201 0.2814 0.3861;
0.499739 0.290003 0.344983;
0.482873 0.304178 0.294867;
0.466752 0.316937 0.271118;
0.447376 0.32842 0.273425;
0.429946 0.338754 0.239568;
0.404226 0.345047 0.225038;
0.3811 0.35071 0.180847;
0.360314 0.353839 0.182105;
0.360314 0.35827 0.204325;
0.346689 0.35827 0.204325;
0.346689 0.364945 0.225252;
0.344116 0.364945 0.225252;
0.342751 0.370953 0.168957;
0.349209 0.376358 0.146879;
0.363969 0.378532 0.110985;
0.387176 0.376445 0.118809;
0.418822 0.376902 0.131121;
0.448115 0.367513 0.145682;
0.474475 0.35656 0.123905;
0.500099 0.344741 0.0910523;
0.500099 0.334104 0.0776385;
0.500099 0.334104 0.0776385;
0.521833 0.334104 0.0776385;
0.521833 0.324531 0.143573;
0.521833 0.324531 0.143573;
0.521833 0.324531 0.143573;
0.521833 0.324531 0.143573;
0.540136 0.324531 0.143573;
0.556609 0.315916 0.264032;
0.573338 0.31175 0.266013;
0.588394 0.320378 0.362561;
0.598197 0.330812 0.365906;
0.606795 0.342024 0.319796 ;
0.576331 0.357231 0.300361;
0.543099 0.393217 0.2872;
0.501754 0.408556 0.311383;
0.457 0.427753 0.338846;
0.416739 0.449277 0.368723;
0.380534 0.469816 0.354137;
0.352931 0.488295 0.341512;
0.348781 0.500668 0.313134;
0.351743 0.499002 0.324423;
0.354414 0.484345 0.31445;
0.358041 0.471152 0.299761;
0.356116 0.456687 0.296926;
0.35182 0.443666 0.255021;
0.347967 0.431946 0.227175;
0.344514 0.422945 0.185879;
0.341421 0.416922 0.181234;
0.337781 0.411499 0.126556;
0.33452 0.412656 0.121385;
0.334095 0.413697 0.108535;
0.333724 0.414631 0.0708572;
0.341875 0.41265 0.0736675;
0.361103 0.400556 0.0646296;
0.38764 0.386857 0.0293367;
0.414093 0.370164 0.0196709;
0.439186 0.350868 0.0179816;
0.461764 0.332278 0.0277956;
0.48261 0.315912 0;
0.48261 0.301182 0.0155038;
0.501732 0.301182 0.0155038;
0.521593 0.286464 0.0300624;
0.536817 0.275655 0.0279531;
0.536817 0.269401 0.0273858;
0.551639 0.269401 0.0273858;
0.56498 0.267301 0.0489941;
0.57541 0.272976 0.0723427;
0.584797 0.290202 0.0914412;
0.593244 0.31724 0.0591808;
0.600846 0.335637 0.0865263;
0.604716 0.341081 0.13901;
0.603351 0.345981 0.137421;
0.603351 0.350394 0.14097;
0.598231 0.350394 0.14097;
0.593623 0.351363 0.134348;
0.589475 0.349619 0.10556;
0.585742 0.347987 0.0968182;
0.582382 0.346519 0.0652559;
0.579357 0.345196 0.105611;
0.576636 0.344005 0.116967;
0.576671 0.338271 0.0916377;
0.56895 0.317816 0.192517;
0.56895 0.309096 0.203117;
0.568207 0.309096 0.203117;
0.573277 0.308765 0.198551;
0.577869 0.314693 0.175608;
0.582555 0.321187 0.225916;
0.586772 0.327031 0.229422;
0.592707 0.330054 0.198553;
0.602666 0.32284 0.197686;
0.615446 0.3075 0.187058;
0.631451 0.293694 0.22585;
0.645851 0.28127 0.19891;
0.658805 0.274499 0.165839;
0.663732 0.279209 0.186161;
0.663732 0.288655 0.145816;
0.66568 0.288655 0.145816;
0.66568 0.297156 0.109246;
0.666338 0.297156 0.109246;
0.666673 0.304808 0.161981;
0.666972 0.305179 0.1909;
0.668025 0.300022 0.189787;
0.662521 0.295381 0.179268;
0.664015 0.291205 0.21876;
0.670829 0.289934 0.373376;
0.6883 0.288791 0.512348;
0.709661 0.28517 0.56213;
0.728865 0.285468 0.667114;
0.728865 0.285736 0.634893;
0.746124 0.285736 0.634893;
0.746124 0.284593 0.701288;
0.750533 0.284593 0.701288;
0.750533 0.283564 0.733239;
0.738155 0.283564 0.733239;
0.720549 0.289394 0.757917;
0.720549 0.303367 0.761397;
0.704711 0.303367 0.761397;
0.704711 0.315942 0.826381;
0.704711 0.315942 0.826381;
0.692904 0.315942 0.826381;
0.688748 0.324776 0.856034;
0.687733 0.332726 0.824984;
0.695996 0.332299 0.721678;
0.706529 0.331425 0.662153;
0.715998 0.330638 0.612995;
0.721098 0.32993 0.560801;
0.716888 0.330467 0.526245;
0.700583 0.334444 0.494686;
0.677647 0.342145 0.493309;
0.645746 0.349077 0.47178;
0.613339 0.350471 0.471134;
0.579086 0.34993 0.483458;
0.548258 0.349442 0.413025;
0.520599 0.34703 0.418252;
0.520599 0.342562 0.398715;
0.520599 0.342562 0.398715;
0.496749 0.342562 0.398715;
0.481578 0.335492 0.357545;
0.467927 0.328616 0.344096;
0.455646 0.32141 0.290991;
0.44236 0.314925 0.283859;
0.430409 0.310107 0.325084;
0.419698 0.313937 0.273344;
0.410068 0.33337 0.257406;
0.409058 0.353027 0.209707;
0.416761 0.370717 0.199067;
0.430456 0.386638 0.158542;
0.446289 0.391351 0.146676;
0.462163 0.389981 0.122884;
0.476449 0.385849 0.1464;
0.489873 0.382129 0.145789;
0.501955 0.381284 0.105523;
0.51534 0.380522 0.147078;
0.5299 0.384178 0.14366;
0.542666 0.387467 0.111882;
0.551059 0.390426 0.111652;
0.558746 0.390399 0.0975593;
0.568628 0.384875 0.122136;
0.57757 0.379902 0.146061;
0.582654 0.375426 0.265681;
0.583863 0.373748 0.260096;
0.580116 0.372237 0.277257;
0.575 0.370876 0.277465;
0.57023 0.364082 0.326592;
0.57023 0.354832 0.435086;
0.57023 0.354832 0.435086;
0.565936 0.354832 0.435086;
0.563478 0.346507 0.386935;
0.561265 0.339014 0.394237;
0.561898 0.339751 0.379762;
0.563294 0.340413 0.344835;
0.566001 0.341009 0.308915;
0.571418 0.341413 0.269798;
0.578928 0.336462 0.28166;
0.589567 0.323879 0.275716;
0.599142 0.307122 0.2516;
0.603875 0.292041 0.215737;
0.606068 0.27847 0.157181;
0.609447 0.264669 0.197504;
0.610273 0.252892 0.226526;
0.605557 0.245468 0.234675;
0.601311 0.245341 0.220029;
0.601311 0.250811 0.270152;
0.597489 0.250811 0.270152;
0.581222 0.257721 0.299072;
0.553178 0.273161 0.321428;
0.527938 0.297058 0.307712;
0.505224 0.318566 0.298028;
0.49842 0.337923 0.278553;
0.519025 0.35268 0.234855;
0.519025 0.362669 0.175208;
0.546691 0.362669 0.175208;
0.546691 0.362742 0.269756;
0.546691 0.362742 0.269756;
0.546691 0.362742 0.269756;
0.571591 0.362742 0.269756;
0.571591 0.360002 0.327584;
0.571591 0.360002 0.327584;
0.571591 0.360002 0.327584;
0.594 0.360002 0.327584;
0.61288 0.363439 0.297183;
0.61288 0.367654 0.270089;
0.628945 0.367654 0.270089;
0.641461 0.363886 0.314203;
0.646837 0.367108 0.328617;
0.644312 0.373936 0.353936;
0.641392 0.38008 0.34504;
0.638762 0.380514 0.389112;
0.636395 0.380904 0.321665;
0.63333 0.383754 0.267615;
0.63333 0.38217 0.268198;
0.633565 0.38217 0.268198;
0.633774 0.380743 0.297553;
0.636302 0.386394 0.371308;
0.638575 0.391491 0.318646;
0.640619 0.391641 0.260993;
0.640619 0.386899 0.211346;
0.649267 0.386899 0.211346;
0.663685 0.376849 0.327602;
0.680338 0.363776 0.470978;
0.700939 0.352009 0.480036;
0.723856 0.339475 0.412302;
0.744456 0.327683 0.331611;
0.762965 0.322314 0.317555;
0.770371 0.319427 0.353792;
0.770371 0.320898 0.337077;
0.770371 0.320898 0.337077;
0.767673 0.320898 0.337077;
0.763267 0.316207 0.330647;
0.748418 0.318002 0.379907;
0.720493 0.32855 0.36872;
0.695373 0.34172 0.398844;
0.672772 0.349915 0.339507;
0.653238 0.360677 0.329569;
0.638933 0.370363 0.289839;
0.63644 0.376154 0.257098;
0.641919 0.37567 0.265376;
0.646846 0.372337 0.232196;
0.646846 0.365441 0.208832;
0.643237 0.365441 0.208832;
0.643237 0.355568 0.27215;
0.63967 0.355568 0.27215;
0.640784 0.347041 0.356498;
0.63437 0.337902 0.35389;
0.62278 0.328425 0.342015;
0.608086 0.319895 0.316612;
0.582776 0.314401 0.343726;
0.552228 0.317619 0.358485;
0.521944 0.328322 0.346788;
0.494691 0.338023 0.324874;
0.469267 0.346754 0.347097;
0.44775 0.35498 0.302031;
0.431445 0.361552 0.282751;
0.416781 0.362828 0.289083;
0.403594 0.361505 0.297117;
0.386228 0.360028 0.274669;
0.363743 0.360497 0.228762;
0.343538 0.360919 0.175372;
0.325387 0.361298 0.153521;
0.315596 0.361639 0.122058;
0.309957 0.361294 0.131563;
0.306891 0.359775 0.106979;
0.313951 0.356953 0.104814;
0.335642 0.347794 0.0885541;
0.362475 0.330351 0.0452707;
0.39057 0.31246 0.0754275;
0.415844 0.295565 0.116057;
0.434623 0.280361 0.074861;
0.44936 0.267677 0.0552165;
0.464373 0.263565 0.0234625;
0.483201 0.259866 0.0159824;
0.483201 0.256422 0.0253892;
0.483201 0.256422 0.0253892;
0.497028 0.256422 0.0253892;
0.513671 0.25335 0.114945;
0.513671 0.249596 0.167117;
0.513671 0.249596 0.167117;
0.528646 0.249596 0.167117;
0.528646 0.246203 0.145335;
0.528646 0.246203 0.145335;
0.528646 0.246203 0.145335;
0.528646 0.246203 0.145335;
0.542125 0.246203 0.145335;
0.548614 0.243166 0.134483;
0.548978 0.249124 0.116042;
0.549305 0.25756 0.110893;
0.549599 0.265154 0.11815;
0.549599 0.27199 0.0821887;
0.549599 0.27199 0.0821887;
0.554282 0.27199 0.0821887;
0.563723 0.274821 0.106247;
0.57222 0.277369 0.127185;
0.581524 0.275854 0.12233;
0.589896 0.274492 0.179821;
0.603164 0.277722 0.183824;
0.618174 0.28063 0.143747;
0.618174 0.283222 0.123103;
0.63168 0.283222 0.123103;
0.63168 0.281527 0.122228;
0.643831 0.281527 0.122228;
0.643831 0.281943 0.142316;
0.651714 0.281943 0.142316;
0.651714 0.282317 0.2051;
0.651714 0.282317 0.2051;
0.656126 0.282317 0.2051;
0.660094 0.282655 0.23975;
0.663661 0.290116 0.266536;
0.666867 0.304985 0.321217;
0.669048 0.318368 0.295881;
0.672599 0.330413 0.278564;
0.678795 0.335849 0.291633;
0.681359 0.325744 0.251107;
0.68582 0.307677 0.261984;
0.68582 0.291418 0.320781;
0.68582 0.291418 0.320781;
0.696134 0.291418 0.320781;
0.705406 0.275168 0.380764;
0.704163 0.260545 0.424533;
0.695477 0.248292 0.383054;
0.695477 0.239156 0.439823;
0.680763 0.239156 0.439823;
0.661907 0.23334 0.386867;
0.661907 0.232989 0.395482;
0.644939 0.232989 0.395482;
0.629669 0.2444 0.365805;
0.618754 0.263034 0.350539;
0.610706 0.279806 0.436941;
0.605162 0.294901 0.497574;
0.600172 0.30376 0.558055;
0.595681 0.306049 0.584193;
0.591498 0.304801 0.634603;
0.578706 0.303678 0.551724;
0.578706 0.302857 0.498872;
0.578706 0.302857 0.498872;
0.557297 0.302857 0.498872;
0.534688 0.303909 0.557158;
0.514341 0.319267 0.596391;
0.49603 0.343836 0.618235;
0.476527 0.365949 0.544875;
0.450894 0.385849 0.520556;
0.427835 0.402282 0.525203;
0.41896 0.413851 0.49509;
0.41896 0.420091 0.431971;
0.411014 0.420091 0.431971;
0.410024 0.416605 0.408669;
0.424283 0.408262 0.33725;
0.437114 0.400753 0.294841;
0.44866 0.393994 0.23392;
0.447985 0.387912 0.207378;
0.439294 0.383954 0.173057;
0.439294 0.380392 0.190523;
0.439294 0.380392 0.190523;
0.431478 0.380392 0.190523;
0.42445 0.377184 0.174431;
0.432585 0.37631 0.260263;
0.451446 0.375348 0.26471;
0.468419 0.370171 0.235876;
0.483693 0.359663 0.227272;
0.492858 0.347205 0.249402;
0.486616 0.342165 0.237961;
0.470945 0.337629 0.247671;
0.451206 0.34049 0.279806;
0.433449 0.35825 0.263925;
0.417562 0.374233 0.226175;
0.408174 0.388617 0.202816;
0.404688 0.388643 0.227138;
0.403616 0.371213 0.198909;
0.40449 0.352583 0.225237;
0.401753 0.334693 0.224212;
0.395405 0.318591 0.233913;
0.383478 0.305224 0.232973;
0.369462 0.30104 0.228309;
0.356867 0.30751 0.265324;
0.345552 0.31344 0.244431;
0.350104 0.318777 0.348012;
0.350104 0.323581 0.413386;
0.350104 0.323581 0.413386;
0.369346 0.323581 0.413386;
0.386655 0.318299 0.376734;
0.402229 0.307788 0.389259;
0.422568 0.298329 0.335773;
0.4365 0.289817 0.32358;
0.443984 0.283803 0.296034;
0.450737 0.27991 0.288272;
0.459534 0.277934 0.260849;
0.467452 0.276156 0.230175;
0.46633 0.27379 0.202461;
0.465322 0.271057 0.22539;
0.471661 0.266003 0.26104;
0.477353 0.261456 0.313284;
0.477353 0.257351 0.341566;
0.484011 0.257351 0.341566;
0.490846 0.258845 0.335286;
0.496998 0.265604 0.349022;
0.502535 0.272388 0.317193;
0.507518 0.278498 0.269666;
0.503568 0.283999 0.253583;
0.490569 0.289228 0.232783;
0.473145 0.297364 0.19942;
0.457467 0.308972 0.168756;
0.444374 0.325048 0.149083;
0.444374 0.338387 0.106213;
0.450167 0.338387 0.106213;
0.450167 0.350391 0.17492;
0.450167 0.350391 0.17492;
0.472125 0.350391 0.17492;
0.472125 0.358804 0.223511;
0.491886 0.358804 0.223511;
0.491886 0.366374 0.203503;
0.491886 0.366374 0.203503;
0.512345 0.366374 0.203503;
0.531522 0.373187 0.215585;
0.546136 0.384903 0.217612;
0.556926 0.395446 0.27134;
0.566637 0.402653 0.249358;
0.575377 0.411571 0.31136;
0.578165 0.402485 0.429282;
0.568104 0.394307 0.484942;
0.546725 0.386945 0.46649;
0.520941 0.389743 0.3984;
0.491895 0.397956 0.341441;
0.465759 0.408847 0.285414;
0.444312 0.418647 0.265864;
0.422134 0.427381 0.204322;
0.398099 0.435238 0.192558;
0.378829 0.442308 0.22344;
0.362139 0.447771 0.222388;
0.347142 0.450967 0.230354;
0.333671 0.454649 0.214022;
0.318316 0.45796 0.189687;
0.30453 0.457387 0.175137;
0.292159 0.456423 0.121275;
0.286684 0.455553 0.108717;
0.281783 0.454768 0.0693419;
0.276709 0.454059 0.117028;
0.277705 0.457059 0.129222;
0.280468 0.462572 0.151622;
0.284431 0.467532 0.262197;
0.289756 0.471992 0.291641;
0.302801 0.474529 0.239809;
0.320401 0.472131 0.194024;
0.339204 0.463915 0.154686;
0.364426 0.449955 0.264735;
0.391213 0.430287 0.425628;
0.391213 0.412529 0.43284;
0.391213 0.412529 0.43284;
0.420878 0.412529 0.43284;
0.451784 0.391915 0.411998;
0.479595 0.376884 0.387648;
0.479595 0.363356 0.362703;
0.50037 0.363356 0.362703;
0.50037 0.353658 0.408131;
0.50037 0.353658 0.408131;
0.513496 0.353658 0.408131;
0.513496 0.344971 0.504412;
0.523833 0.344971 0.504412;
0.533137 0.337153 0.487486;
0.54151 0.330116 0.4503;
0.54151 0.323624 0.526901;
0.54151 0.323624 0.526901;
0.549559 0.323624 0.526901;
0.562787 0.31778 0.611483;
0.574693 0.316181 0.566754;
0.585407 0.318308 0.522621;
0.590213 0.320898 0.491889;
0.592771 0.323228 0.4645;
0.59408 0.325326 0.41894;
0.593318 0.321203 0.383227;
0.594572 0.310405 0.388862;
0.596375 0.29781 0.445635;
0.606137 0.286476 0.455399;
0.614444 0.276276 0.444192 ;
0.631416 0.26958 0.436831;
0.647686 0.265242 0.414989;
0.662323 0.261339 0.443064;
0.667281 0.26018 0.469003;
0.66311 0.259137 0.575446;
0.649153 0.260503 0.490006;
0.623915 0.262994 0.435774;
0.594747 0.271742 0.359396;
0.561622 0.286245 0.318969;
0.528115 0.303253 0.324026;
0.497959 0.323649 0.316062;
0.470824 0.345344 0.281582;
0.449372 0.363783 0.240857;
0.427981 0.377039 0.191243;
0.405956 0.388969 0.206793;
0.386151 0.396304 0.189313;
0.363185 0.402903 0.174813;
0.342545 0.408842 0.16526;
0.324003 0.40723 0.138315;
0.314795 0.408782 0.121044;
0.320038 0.412791 0.152946;
0.336308 0.416398 0.135935;
0.357 0.412132 0.115839;
0.380493 0.400373 0.101779;
0.408087 0.382292 0.171591;
0.408087 0.359808 0.27481;
0.408087 0.359808 0.27481;
0.43556 0.359808 0.27481;
0.462031 0.336761 0.451832;
0.484102 0.314178 0.607612;
0.503965 0.293854 0.701882;
0.515004 0.277405 0.824224;
0.518798 0.264606 0.935317;
0.522214 0.258753 1;
0.525288 0.253486 1;
0.533161 0.248747 1;
0.545273 0.241005 1;
0.556174 0.229473 0.979364;
0.565984 0.219098 0.970699;
0.575633 0.209763 0.950189;
0.586879 0.201364 0.838641;
0.596999 0.194892 0.793587;
0.609807 0.190181 0.713115;
0.609807 0.185944 0.755509;
0.609807 0.185944 0.755509;
0.609807 0.185944 0.755509;
0.621332 0.185944 0.755509;
0.631702 0.182267 0.874848;
0.636295 0.180174 0.805169;
0.630665 0.182701 0.836722;
0.624826 0.190484 0.7429;
0.619571 0.202112 0.696108;
0.614841 0.214102 0.66165;
0.611275 0.224895 0.661139;
0.609611 0.229985 0.663002;
0.610693 0.23873 0.679196;
0.617284 0.243987 0.672589;
0.62778 0.248719 0.62558;
0.62778 0.254307 0.580964;
0.639045 0.254307 0.580964;
0.639045 0.259338 0.533117;
0.65036 0.259338 0.533117;
0.66054 0.263866 0.596903;
0.669695 0.26206 0.635654;
0.67192 0.259856 0.565766;
0.667547 0.257873 0.527213;
0.663611 0.25609 0.455744;
0.660067 0.259809 0.396368;
0.662004 0.263158 0.357077;
0.666849 0.272497 0.368989;
0.671204 0.291285 0.323271;
0.67512 0.31508 0.304036;
0.67555 0.336496 0.27456;
0.672947 0.349603 0.317365;
0.666012 0.361947 0.280606;
0.654537 0.368019 0.258559;
0.64421 0.372159 0.245767;
0.64015 0.369316 0.239652;
0.637956 0.356243 0.231156;
0.640315 0.339452 0.245043;
0.645815 0.323502 0.214893;
0.650762 0.309148 0.21427;
0.65521 0.29623 0.241694;
0.65509 0.286351 0.20899;
0.657732 0.279112 0.149899;
0.654078 0.272598 0.104686;
0.64814 0.266736 0.0899342;
0.645443 0.261462 0.0706125;
0.649046 0.257055 0.0838054;
0.656871 0.262834 0.103109;
0.656507 0.280482 0.073158;
0.6553 0.296366 0.0899907;
0.650675 0.313988 0.0866278;
0.646511 0.329848 0.0764513;
0.642762 0.34046 0.0555628;
0.636465 0.338149 0.0433017;
0.644225 0.326569 0.0566625;
0.655405 0.316147 0.0837529;
0.666142 0.306767 0.0818163;
0.675798 0.305244 0.069221;
0.683989 0.313806 0.103747;
0.691353 0.326443 0.0670845;
0.680786 0.337816 0.0638597;
0.668055 0.348052 0.0526774;
0.656598 0.350107 0.0601629;
0.638823 0.337186 0.047092;
0.636123 0.317558 0.0411948;
0.642772 0.299894 0.0487303;
0.648753 0.283996 0.046454;
0.646667 0.27085 0.00683584;
0.635183 0.260389 0.0203959;
0.633933 0.252406 0.0434732;
0.633933 0.247136 0.0336015;
0.631428 0.247136 0.0336015;
0.631428 0.246757 0.0409715;
0.631428 0.246757 0.0409715;
0.631428 0.246757 0.0409715;
0.628531 0.246757 0.0409715;
0.634154 0.248377 0.077168;
0.634154 0.258814 0.129573;
0.644495 0.258814 0.129573;
0.644495 0.268209 0.185962;
0.658795 0.268209 0.185962;
0.658795 0.276664 0.176989;
0.671171 0.276664 0.176989;
0.682301 0.282033 0.242934;
0.692311 0.285148 0.26746;
0.692856 0.287953 0.204275;
0.685828 0.290478 0.193794;
0.679503 0.298561 0.221884;
0.673809 0.305837 0.24633;
0.681667 0.312386 0.242591;
0.702006 0.316905 0.221523;
0.723383 0.315747 0.228588;
0.723383 0.314706 0.26921;
0.742601 0.314706 0.26921;
0.742601 0.310661 0.251892;
0.759483 0.310661 0.251892;
0.762404 0.305444 0.302889;
0.742592 0.300748 0.323358;
0.711398 0.301552 0.291813;
0.67821 0.300426 0.240992;
0.648349 0.293057 0.220546;
0.621477 0.286425 0.18112;
0.606254 0.276723 0.169014;
0.599648 0.264489 0.126374;
0.605413 0.251779 0.0940548;
0.616739 0.236834 0.0774759;
0.62693 0.222512 0.0626914;
0.63954 0.209626 0.0415305;
0.648442 0.197164 0.002675;
0.648442 0.187176 0;
0.654034 0.187176 0;
0.655698 0.179363 0.131498;
0.655698 0.173235 0.220059;
0.658192 0.173235 0.220059;
0.665627 0.172378 0.239208;
0.672313 0.177071 0.25486;
0.67496 0.188069 0.334747;
0.67496 0.202485 0.430106;
0.67496 0.202485 0.430106;
0.677339 0.202485 0.430106;
0.678258 0.220009 0.421036;
0.678258 0.235057 0.384997;
0.678258 0.235057 0.384997;
0.678258 0.235057 0.384997;
0.675836 0.235057 0.384997;
0.675836 0.251725 0.338116;
0.673654 0.251725 0.338116;
0.673654 0.267451 0.286701;
0.671688 0.267451 0.286701;
0.671688 0.280881 0.335755;
0.68121 0.280881 0.335755;
0.68121 0.292969 0.327648;
0.698688 0.292969 0.327648;
0.714405 0.29828 0.364031;
0.728534 0.294971 0.361845;
0.736908 0.287973 0.338047;
0.739493 0.281675 0.292134;
0.730089 0.276008 0.321223;
0.71411 0.276902 0.324567;
0.699733 0.277708 0.324483;
0.686796 0.277082 0.301306;
0.682665 0.27434 0.289638;
0.67896 0.2645 0.245349;
0.676499 0.255644 0.204261;
0.679507 0.247676 0.146884;
0.68221 0.241445 0.125371;
0.68221 0.237212 0.10854;
0.68221 0.237212 0.10854;
0.684639 0.237212 0.10854;
0.691592 0.234833 0.174385;
0.697844 0.233468 0.216267;
0.703463 0.234883 0.194745;
0.704872 0.242079 0.166622;
0.701919 0.248557 0.17032;
0.696188 0.260708 0.190317;
0.686443 0.275804 0.192297;
0.66989 0.289391 0.150623;
0.654283 0.294524 0.125404;
0.640239 0.293797 0.102717;
0.6276 0.293143 0.113833;
0.61976 0.288725 0.100496;
0.62195 0.280769 0.0977232;
0.62392 0.273589 0.110556;
0.625691 0.265332 0.0881971;
0.62855 0.253113 0.114053;
0.631121 0.240382 0.0972073;
0.635188 0.228926 0.087917;
0.638846 0.221828 0.0729618;
0.652329 0.215442 0.0462551;
0.669969 0.21114 0.0923396;
0.686133 0.212253 0.0781754;
0.70067 0.213359 0.111935;
0.711067 0.212551 0.158808;
0.711067 0.210227 0.116032;
0.710866 0.210227 0.116032;
0.710866 0.21406 0.148979;
0.699413 0.21406 0.148979;
0.687427 0.217511 0.138955;
0.675629 0.220619 0.131732;
0.665013 0.228926 0.121;
0.665013 0.236403 0.140709;
0.655458 0.236403 0.140709;
0.655458 0.243134 0.138217;
0.646858 0.243134 0.138217;
0.646858 0.25185 0.203548;
0.646858 0.25185 0.203548;
0.639458 0.25185 0.203548;
0.633947 0.263043 0.204967;
0.633404 0.273118 0.20642;
0.641256 0.285828 0.202454;
0.64832 0.297268 0.160189;
0.654674 0.307564 0.130935;
0.659049 0.31292 0.0994035;
0.661741 0.310891 0.0821565;
0.661741 0.306122 0.09612;
0.66416 0.306122 0.09612;
0.66416 0.299336 0.101306;
0.664969 0.299336 0.101306;
0.670608 0.288273 0.105355;
0.675678 0.283531 0.0705618;
0.680236 0.276632 0.0438603;
0.680236 0.267298 0.0427472;
0.680236 0.267298 0.0427472;
0.679537 0.267298 0.0427472;
0.675483 0.257312 0.0455927;
0.671832 0.251315 0.0220847;
0.668545 0.252008 0;
0.670017 0.252632 0.012852;
0.67351 0.267998 0.0235094;
0.67665 0.284916 0.0383174;
0.679472 0.308728 0.0271238;
0.679472 0.330159 0.122886;
0.679472 0.330159 0.122886;
0.680422 0.330159 0.122886;
0.679185 0.344258 0.189988;
0.679185 0.359323 0.260295;
0.674773 0.359323 0.260295;
0.674773 0.373598 0.28413;
0.669183 0.373598 0.28413;
0.664151 0.396114 0.29174;
0.659621 0.408307 0.229699;
0.660995 0.419279 0.194653;
0.66446 0.431754 0.285741;
0.66446 0.434919 0.352812;
0.668133 0.434919 0.352812;
0.668133 0.430864 0.342303;
0.671435 0.430864 0.342303;
0.672108 0.414974 0.413897;
0.672108 0.395163 0.398739;
0.672711 0.395163 0.398739;
0.672522 0.375248 0.371052;
0.673078 0.357324 0.309957;
0.677546 0.343629 0.251877;
0.677546 0.331397 0.224514;
0.681563 0.331397 0.224514;
0.688019 0.331908 0.20364;
0.693823 0.342678 0.264724;
0.703712 0.355056 0.249445;
0.71705 0.36351 0.223572;
0.723654 0.358842 0.241992;
0.729587 0.359482 0.337106;
0.734917 0.36356 0.354137;
0.734917 0.353658 0.346748;
0.734917 0.353658 0.346748;
0.735522 0.353658 0.346748;
0.734367 0.339901 0.361021;
0.734367 0.329668 0.343012;
0.734367 0.329668 0.343012;
0.731358 0.329668 0.343012;
0.731358 0.320458 0.315315;
0.725399 0.320458 0.315315;
0.725399 0.312169 0.293857;
0.716509 0.312169 0.293857;
0.708053 0.304709 0.276082;
0.696193 0.300553 0.3172;
0.696193 0.30124 0.329974;
0.696193 0.30124 0.329974;
0.696193 0.30124 0.329974;
0.681765 0.30124 0.329974;
0.668782 0.304453 0.268792;
0.6571 0.307346 0.236696;
0.646591 0.30995 0.2225;
0.637132 0.312294 0.201383;
0.631163 0.314404 0.229857;
0.639311 0.316303 0.216745;
0.639311 0.318011 0.187518;
0.654035 0.318011 0.187518;
0.654035 0.313982 0.269579;
0.654035 0.313982 0.269579;
0.667281 0.313982 0.269579;
0.677238 0.312703 0.289658;
0.687418 0.311553 0.246101;
0.694943 0.310518 0.213181;
0.697452 0.320209 0.243764;
0.698705 0.328932 0.255;
0.699827 0.336782 0.196923;
0.694001 0.33427 0.186882;
0.687484 0.322739 0.136625;
0.684644 0.310039 0.132343;
0.678553 0.294371 0.168387;
0.669414 0.28451 0.155548;
0.664214 0.27865 0.204221;
0.663698 0.275163 0.230007;
0.663698 0.27424 0.230435;
0.671252 0.27424 0.230435;
0.687571 0.280392 0.315457;
0.706335 0.290744 0.369443;
0.723207 0.30765 0.395071;
0.738375 0.322283 0.328252;
0.746444 0.335453 0.28946;
