0.881725 0.299768 0.817157;
0.851428 0.300589 0.765421;
0.851428 0.303274 0.739553;
0.851428 0.303274 0.739553;
0.822054 0.303274 0.739553;
0.822054 0.305691 0.767266;
0.822054 0.305691 0.767266;
0.822054 0.305691 0.767266;
0.794628 0.305691 0.767266;
0.794628 0.307884 0.744815;
0.794628 0.307884 0.744815;
0.770021 0.307884 0.744815;
0.748209 0.310447 0.69441;
0.748209 0.312741 0.653618;
0.728366 0.312741 0.653618;
0.710555 0.314819 0.69788;
0.694554 0.316687 0.714008;
0.680172 0.318367 0.7677;
0.680172 0.319879 0.746695;
0.667252 0.319879 0.746695;
0.667252 0.321239 0.710853;
0.667252 0.321239 0.710853;
0.667252 0.321239 0.710853;
0.655731 0.321239 0.710853;
0.655731 0.322451 0.821844;
0.655731 0.322451 0.821844;
0.655731 0.322451 0.821844;
0.655731 0.322451 0.821844;
0.645317 0.322451 0.821844;
0.645317 0.323546 0.745793;
0.63595 0.323546 0.745793;
0.627528 0.324532 0.676796;
0.619946 0.325418 0.632898;
0.613122 0.326217 0.598511;
0.620503 0.326936 0.574543;
0.632722 0.325753 0.565106;
0.643707 0.321877 0.58949;
0.643707 0.318389 0.560611;
0.653579 0.318389 0.560611;
0.653579 0.315251 0.544733;
0.649706 0.315251 0.544733;
0.649706 0.312597 0.476958;
0.649706 0.312597 0.476958;
0.640483 0.312597 0.476958;
0.640483 0.311428 0.449628;
0.640483 0.311428 0.449628;
0.640483 0.311428 0.449628;
0.632182 0.311428 0.449628;
0.624711 0.310709 0.499051;
0.628501 0.31271 0.454138;
0.628501 0.317249 0.492147;
0.628501 0.317249 0.492147;
0.631212 0.317249 0.492147;
0.631212 0.321326 0.592114;
0.631212 0.321326 0.592114;
0.631212 0.321326 0.592114;
0.631212 0.321326 0.592114;
0.6336 0.321326 0.592114;
0.6336 0.325002 0.632056;
0.6336 0.325002 0.632056;
0.635747 0.325002 0.632056;
0.635747 0.327255 0.617253;
0.635747 0.327255 0.617253;
0.627345 0.327255 0.617253;
0.627345 0.327868 0.59555;
0.619823 0.327868 0.59555;
0.619823 0.328417 0.63729;
0.613053 0.328417 0.63729;
0.613053 0.32891 0.624121;
0.606938 0.32891 0.624121;
0.601436 0.329355 0.612493;
0.596482 0.329756 0.724939;
0.592025 0.330117 0.723795;
0.588012 0.330442 0.739135;
0.584399 0.330735 0.725299;
0.581151 0.330998 0.703929;
0.579924 0.331235 0.774377;
0.581511 0.331432 0.709428;
0.582938 0.331532 0.640417;
0.582938 0.330274 0.617158;
0.585855 0.330274 0.617158;
0.585855 0.329143 0.67191;
0.591748 0.329143 0.67191;
0.591748 0.328125 0.608126;
0.60224 0.328125 0.608126;
0.60224 0.329684 0.554927;
0.61455 0.329684 0.554927;
0.635361 0.332944 0.477144;
0.654073 0.33599 0.419799;
0.67089 0.338732 0.369852;
0.681617 0.33916 0.311448;
0.678109 0.339544 0.295638;
0.674917 0.339681 0.374104;
0.672038 0.338048 0.483833;
0.670113 0.33449 0.59634;
0.679976 0.332355 0.57996;
0.694314 0.330433 0.583632;
0.707181 0.328704 0.552444;
0.71872 0.329297 0.553096;
0.719127 0.330017 0.58437;
0.713862 0.330666 0.572923;
0.702284 0.33125 0.59702;
0.685366 0.331284 0.643732;
0.67015 0.329888 0.637097;
0.661537 0.326589 0.607035;
0.661124 0.321822 0.532963;
0.661124 0.319332 0.474093;
0.668752 0.319332 0.474093;
0.675698 0.317758 0.486565;
0.675698 0.316332 0.502686;
0.675698 0.316332 0.502686;
0.681842 0.316332 0.502686;
0.675152 0.316564 0.398262;
0.662774 0.318252 0.417899;
0.651636 0.319772 0.358242;
0.641613 0.321142 0.350117;
0.632592 0.322372 0.352959;
0.626563 0.321413 0.387088;
0.624986 0.318284 0.515139;
0.623563 0.315469 0.655226;
0.617921 0.312937 0.656377;
0.611957 0.311069 0.64403;
0.609182 0.309605 0.591557;
0.608451 0.308289 0.613779;
0.613407 0.307107 0.658973;
0.626712 0.306044 0.65116;
0.638675 0.305077 0.594444;
0.64943 0.304209 0.55781;
0.65421 0.303863 0.476476;
0.639129 0.304034 0.43082;
0.625558 0.30419 0.412322;
0.613344 0.304285 0.397383;
0.605804 0.303852 0.368199;
0.612754 0.300058 0.357963;
0.625541 0.29367 0.353695;
0.641808 0.287924 0.37528;
0.65689 0.282755 0.346788;
0.668556 0.279101 0.351619;
0.672037 0.277427 0.318559;
0.670393 0.27769 0.312697;
0.646467 0.281191 0.261628;
0.624941 0.288157 0.264194;
0.624941 0.294428 0.303679;
0.60557 0.294428 0.303679;
0.60557 0.299343 0.30923;
0.60557 0.299343 0.30923;
0.593436 0.299343 0.30923 ;
0.606666 0.304651 0.304589;
0.618567 0.310458 0.325609;
0.618567 0.314513 0.291055;
0.62927 0.314513 0.291055;
0.634043 0.318164 0.273008;
0.626863 0.321029 0.281514;
0.614413 0.323609 0.277425;
0.595221 0.325931 0.284485;
0.580239 0.325575 0.268529;
0.572457 0.324105 0.310136;
0.565493 0.321706 0.351799;
0.565493 0.319539 0.519661;
0.559221 0.319539 0.519661;
0.558519 0.318676 0.562622;
0.557888 0.319499 0.61091;
0.55732 0.320891 0.627978;
0.556808 0.322145 0.598191;
0.556348 0.323274 0.654629;
0.555933 0.323505 0.696817;
0.555102 0.321888 0.683556;
0.550204 0.31898 0.651346;
0.545796 0.316363 0.610389;
0.545796 0.314009 0.598979;
0.545796 0.314009 0.598979;
0.545796 0.314009 0.598979;
0.541829 0.314009 0.598979;
0.541829 0.31534 0.525147;
0.541829 0.31534 0.525147;
0.554382 0.31534 0.525147;
0.554382 0.318678 0.67213;
0.554382 0.318678 0.67213;
0.577038 0.318678 0.67213;
0.597426 0.322388 0.746205;
0.615769 0.325727 0.671828;
0.626503 0.327832 0.728532;
0.636155 0.326386 0.720776;
0.644831 0.32224 0.650057;
0.653446 0.31671 0.734709;
0.662367 0.311095 0.828136;
0.67038 0.306043 0.823222;
0.678171 0.301498 0.752656;
0.678171 0.298965 0.720766;
0.678171 0.298965 0.720766;
0.685164 0.298965 0.720766;
0.689472 0.296763 0.709965;
0.696113 0.296259 0.689014;
0.701413 0.297758 0.708415;
0.70616 0.298635 0.689852;
0.706418 0.299593 0.671253;
0.706418 0.300457 0.658359;
0.706418 0.300457 0.658359;
0.703778 0.300457 0.658359;
0.698455 0.301237 0.679653;
0.690963 0.300144 0.717855;
0.684219 0.298634 0.66032;
0.680557 0.297277 0.650616;
0.678547 0.296057 0.690974;
0.678547 0.296973 0.674104;
0.678547 0.296973 0.674104;
0.682853 0.296973 0.674104;
0.682853 0.300314 0.62555;
0.682853 0.300314 0.62555;
0.682853 0.300314 0.62555;
0.695798 0.300314 0.62555;
0.695798 0.30364 0.578314;
0.695798 0.30364 0.578314;
0.71059 0.30364 0.578314;
0.723859 0.306634 0.544351;
0.735755 0.309201 0.536812;
0.741614 0.311729 0.45701;
0.750188 0.312715 0.44904;
0.748987 0.312146 0.387641;
0.734653 0.310821 0.370994;
0.705402 0.310444 0.322775;
0.675426 0.310555 0.340604;
0.655661 0.310656 0.43393;
0.655661 0.311921 0.573742;
0.637823 0.311921 0.573742;
0.621772 0.314073 0.586338;
0.614773 0.316012 0.607651;
0.608472 0.317758 0.591084;
0.6028 0.31933 0.671566;
0.589179 0.320746 0.800978;
0.564871 0.322019 0.900473;
0.542282 0.323391 0.929629;
0.521954 0.324625 0.880594;
0.507195 0.325484 0.86639;
0.496711 0.32548 0.836505;
0.493722 0.32464 0.810494;
0.493722 0.323878 0.844804;
0.494249 0.323878 0.844804;
0.497512 0.323199 0.863604;
0.503011 0.323673 0.837141;
0.507966 0.324645 0.781745;
0.512427 0.32552 0.709666;
0.516439 0.326309 0.682839;
0.52005 0.327019 0.636199;
0.520282 0.327658 0.663109;
0.51723 0.328627 0.745419;
0.512321 0.332825 0.865968;
0.507906 0.339603 0.894572;
0.499505 0.345703 0.756087;
0.491948 0.348189 0.75105;
0.489585 0.350734 0.865225;
0.489768 0.353023 0.971398;
0.499808 0.353096 0.909019;
0.516494 0.352426 0.898816;
0.531512 0.351171 0.965666;
0.54503 0.348652 1;
0.550208 0.34257 0.892962;
0.540764 0.336953 0.816701;
0.525844 0.330234 0.73791;
0.512417 0.324187 0.7101;
0.500337 0.319817 0.62099;
0.506842 0.315885 0.642695;
0.525091 0.312489 0.659432;
0.541511 0.308417 0.710293;
0.541511 0.305755 0.684826;
0.556288 0.305755 0.684826;
0.559578 0.303377 0.755359;
0.558841 0.303375 0.771971;
0.558177 0.306388 0.747322;
0.557578 0.309105 0.756016;
0.554112 0.311553 0.842732;
0.547187 0.313755 0.854854;
0.537292 0.315735 0.899053;
0.527365 0.32068 0.915428;
0.518432 0.328744 0.881165;
0.5096 0.332042 0.783323;
0.503424 0.331006 0.692745;
0.499734 0.330259 0.658159;
0.501402 0.329096 0.582897;
0.51467 0.326727 0.582061;
0.534747 0.323751 0.557275;
0.552816 0.321073 0.545257;
0.569079 0.319188 0.520573;
0.573682 0.317492 0.504453;
0.572332 0.316312 0.526626;
0.571116 0.31525 0.430063;
0.570021 0.314296 0.359844;
0.57311 0.31274 0.333191;
0.57589 0.311864 0.43858;
0.578503 0.309584 0.485713;
0.582731 0.307534 0.512975;
0.5839 0.307418 0.470992;
0.582116 0.309352 0.3967;
0.580622 0.311094 0.312193;
0.585609 0.310776 0.335513;
0.587941 0.309144 0.496994;
0.587941 0.307662 0.557426;
0.584357 0.307662 0.557426;
0.581132 0.306343 0.657683;
0.578241 0.30541 0.614131;
0.578241 0.308204 0.721775;
0.578241 0.308204 0.721775;
0.57563 0.308204 0.721775;
0.57563 0.310731 0.676573;
0.57563 0.310731 0.676573;
0.57563 0.310731 0.676573;
0.57563 0.310731 0.676573;
0.573279 0.310731 0.676573;
0.573279 0.313006 0.698701;
0.571163 0.313006 0.698701;
0.569259 0.315054 0.676628;
0.567547 0.316898 0.745762;
0.583999 0.318558 0.765638;
0.616909 0.320612 0.715779;
0.646512 0.32246 0.685645;
0.673127 0.324123 0.603863;
0.683378 0.325247 0.647527;
0.677629 0.324135 0.559232;
0.667673 0.321411 0.466534;
0.658714 0.318032 0.509501;
0.65065 0.314894 0.485926;
0.661706 0.311511 0.488563;
0.682931 0.307568 0.443191;
0.701998 0.302884 0.38387;
0.731177 0.297494 0.362431;
0.763045 0.292264 0.318025;
0.775526 0.28756 0.263451;
0.769347 0.284196 0.228809;
0.754562 0.281437 0.215672;
0.734749 0.280961 0.209541;
0.71694 0.282184 0.262721;
0.700927 0.283634 0.291055;
0.685476 0.284595 0.379688;
0.671937 0.285463 0.367153;
0.663629 0.286105 0.390321;
0.659302 0.287033 0.390895;
0.654201 0.287097 0.345414;
0.646454 0.287156 0.365329;
0.638277 0.287814 0.346393;
0.631653 0.288765 0.31828;
0.631653 0.291032 0.277367;
0.623711 0.291032 0.277367;
0.623711 0.294716 0.26516;
0.616564 0.294716 0.26516;
0.616564 0.298578 0.282652;
0.610132 0.298578 0.282652;
0.610132 0.302053 0.227614;
0.604342 0.302053 0.227614;
0.604342 0.305181 0.206737;
0.599132 0.305181 0.206737;
0.599132 0.307996 0.257834;
0.594443 0.307996 0.257834;
0.594443 0.31053 0.281088;
0.590222 0.31053 0.281088;
0.590222 0.31281 0.25007;
0.586424 0.31281 0.25007;
0.586424 0.314863 0.212098;
0.583005 0.314863 0.212098;
0.583005 0.31671 0.218643;
0.579929 0.31671 0.218643;
0.579929 0.318372 0.282559;
0.57716 0.318372 0.282559;
0.57716 0.319868 0.458652;
0.57716 0.319868 0.458652;
0.57716 0.319868 0.458652;
0.574668 0.319868 0.458652;
0.574668 0.321215 0.613614;
0.572425 0.321215 0.613614;
0.572425 0.322427 0.54021;
0.570406 0.322427 0.54021;
0.570406 0.323517 0.521745;
0.568589 0.323517 0.521745;
0.568589 0.324499 0.563646;
0.566954 0.324499 0.563646;
0.566954 0.325382 0.643858;
0.565483 0.325382 0.643858;
0.565483 0.326177 0.776595;
0.564158 0.326177 0.776595;
0.564158 0.326893 0.720217;
0.562966 0.326893 0.720217;
0.562966 0.327537 0.771755;
0.561894 0.327537 0.771755;
0.561894 0.328117 0.724426;
0.560928 0.328117 0.724426;
0.560928 0.328638 0.695088;
0.560059 0.328638 0.695088;
0.560059 0.329108 0.699619;
0.559277 0.329108 0.699619;
0.559277 0.32953 0.729926;
0.558573 0.32953 0.729926;
0.558573 0.329911 0.852334;
0.55794 0.329911 0.852334;
0.55794 0.330253 0.942208;
0.55794 0.330253 0.942208;
0.55737 0.330253 0.942208;
0.55737 0.330561 0.953469;
0.55737 0.330561 0.953469;
0.55737 0.330561 0.953469;
0.55737 0.330561 0.953469;
0.556857 0.330561 0.953469;
0.556857 0.330838 0.846121;
0.556857 0.330838 0.846121;
0.556395 0.330838 0.846121;
0.556395 0.331088 0.899441;
0.555979 0.331088 0.899441;
0.555979 0.331312 0.825779;
0.555605 0.331312 0.825779;
0.555605 0.331514 0.936686;
0.555269 0.331514 0.936686;
0.555269 0.331696 0.93471;
0.554966 0.331696 0.93471;
0.554966 0.33186 0.872983;
0.554966 0.33186 0.872983;
0.554966 0.33186 0.872983;
0.554693 0.33186 0.872983;
0.554693 0.332007 0.864369;
0.554448 0.332007 0.864369;
0.554448 0.33214 0.806661;
0.554227 0.33214 0.806661;
0.554227 0.332259 0.745193;
0.554028 0.332259 0.745193;
0.554028 0.332367 0.697465;
0.553849 0.332367 0.697465;
0.553849 0.332463 0.643126;
0.553688 0.332463 0.643126;
0.553688 0.33255 0.644365;
0.553543 0.33255 0.644365;
0.553543 0.332629 0.575732;
0.553413 0.332629 0.575732;
0.553413 0.332699 0.537333;
0.553295 0.332699 0.537333;
0.553295 0.332763 0.452043;
0.55319 0.332763 0.452043;
0.55319 0.33282 0.454888;
0.553095 0.33282 0.454888;
0.553095 0.332871 0.454009;
0.553009 0.332871 0.454009;
0.553009 0.332917 0.408882;
0.552932 0.332917 0.408882;
0.552932 0.332959 0.380107;
0.552863 0.332959 0.380107;
0.552863 0.332996 0.33183;
0.5528 0.332996 0.33183;
0.5528 0.33303 0.372476;
0.552744 0.33303 0.372476;
0.552744 0.33306 0.537565;
0.552694 0.33306 0.537565;
0.552648 0.333088 0.683057;
0.552648 0.333112 0.757639;
0.552607 0.333112 0.757639;
0.552607 0.333134 0.730946;
0.552607 0.333134 0.730946;
0.55257 0.333134 0.730946;
0.55257 0.333154 0.633563;
0.552537 0.333154 0.633563;
0.552537 0.333172 0.689302;
0.552507 0.333172 0.689302;
0.552507 0.333188 0.714644;
0.552507 0.333188 0.714644;
0.55248 0.333188 0.714644;
0.55248 0.333203 0.814114;
0.55248 0.333203 0.814114;
0.55248 0.333203 0.814114;
0.55248 0.333203 0.814114;
0.552456 0.333203 0.814114;
0.552456 0.333216 0.910791;
0.552456 0.333216 0.910791;
0.552456 0.333216 0.910791;
0.552435 0.333216 0.910791;
0.552435 0.333228 1;
0.552435 0.333228 1;
0.552415 0.333228 1;
0.552415 0.333238 1;
0.552397 0.333238 1;
0.552397 0.333248 1;
0.552382 0.333248 1;
0.552382 0.333256 0.943595;
0.552382 0.333256 0.943595;
0.552382 0.333256 0.943595;
0.552367 0.333256 0.943595;
0.552367 0.333264 0.883756;
0.552354 0.333264 0.883756;
0.552343 0.333271 0.958272;
0.552343 0.333277 0.995302;
0.552343 0.333277 0.995302;
0.552343 0.333277 0.995302;
0.552343 0.333277 0.995302;
0.552343 0.333277 0.995302;
0.552343 0.333277 0.995302;
0.552343 0.333277 0.995302;
0.552343 0.333277 0.995302;
0.552343 0.333277 0.995302;
0.552343 0.333277 0.995302;
0.552343 0.333277 0.995302;
0.552343 0.333277 0.995302;
0.552332 0.333277 0.995302;
0.552332 0.333283 1;
0.552332 0.333283 1;
0.552332 0.333283 1;
0.552332 0.333283 1;
0.552323 0.333283 1;
0.552323 0.333288 1;
0.552323 0.333288 1;
0.552323 0.333288 1;
0.552323 0.333288 1;
0.552315 0.333288 1;
0.552315 0.333292 1;
0.552315 0.333292 1;
0.552315 0.333292 1;
0.552315 0.333292 1;
0.552307 0.333292 1;
0.552307 0.333296 1;
0.552307 0.333296 1;
0.552307 0.333296 1;
0.552307 0.333296 1;
0.5523 0.333296 1;
0.5523 0.3333 0.973661;
0.5523 0.3333 0.973661;
0.5523 0.3333 0.973661;
0.5523 0.3333 0.973661;
0.552294 0.3333 0.973661;
0.552294 0.333303 0.928612;
0.552294 0.333303 0.928612;
0.552294 0.333303 0.928612;
0.552289 0.333303 0.928612;
0.552289 0.333306 0.928612;
0.552289 0.333306 0.928612;
0.552289 0.333306 0.928612;
0.552284 0.333306 0.928612;
0.552284 0.333309 0.928612;
0.552284 0.333309 0.928612;
0.552279 0.333309 0.928612;
0.552279 0.333312 0.928612;
0.552279 0.333312 0.928612;
0.552279 0.333312 0.928612;
0.552279 0.333312 0.928612;
0.552279 0.333312 0.928612;
0.552275 0.333312 0.928612;
0.552275 0.333314 0.938197;
0.552275 0.333314 0.938197;
0.552275 0.333314 0.938197;
0.552275 0.333314 0.938197;
0.552275 0.333314 0.938197;
0.552275 0.333314 0.938197;
0.552271 0.333314 0.938197;
0.552271 0.333316 0.901438;
0.552271 0.333316 0.901438;
0.552271 0.333316 0.901438;
0.552271 0.333316 0.901438;
0.552265 0.333316 0.901438;
0.552265 0.333319 0.939461;
0.552265 0.333319 0.939461;
0.552265 0.333319 0.939461;
0.552263 0.333319 0.939461;
0.552263 0.33332 0.995261;
0.552263 0.33332 0.995261;
0.55226 0.33332 0.995261;
0.55226 0.333322 1;
0.552258 0.333322 1;
0.552258 0.333323 1;
0.552256 0.333323 1;
0.552256 0.333324 1;
0.552254 0.333324 1;
0.552254 0.333325 1;
0.552253 0.333325 1;
0.552253 0.333326 1;
0.552251 0.333326 1;
0.552251 0.333326 1;
0.55225 0.333326 1;
0.55225 0.333327 1;
0.552249 0.333327 1;
0.552249 0.333328 1;
0.552248 0.333328 1;
0.552248 0.333328 1;
0.552247 0.333328 1;
0.552247 0.333329 0.837022;
0.552246 0.333329 0.837022;
0.552246 0.333329 0.837022;
0.552246 0.333329 0.837022;
0.552246 0.333329 0.837022;
0.552246 0.333329 0.837022;
0.552246 0.33333 0.837022;
0.552246 0.33333 0.837022;
0.552245 0.33333 0.837022;
0.552244 0.33333 0.837022;
0.552244 0.33333 0.797217;
0.552244 0.33333 0.797217;
0.552244 0.33333 0.797217;
0.552244 0.333331 0.803367;
0.552244 0.333331 0.803367;
0.552244 0.333331 0.803367;
0.552244 0.333331 0.803367;
0.552244 0.333331 0.803367;
0.552244 0.333331 0.803367;
0.552244 0.333331 0.803367;
0.552244 0.333331 0.803367;
0.552244 0.333331 0.803367;
0.552244 0.333331 0.803367;
0.552244 0.333331 0.803367;
0.552244 0.333331 0.803367;
0.552244 0.333331 0.803367;
0.552243 0.333331 0.803367;
0.552243 0.333331 0.792378;
0.552243 0.333331 0.792378;
0.552243 0.333331 0.792378;
0.552243 0.333331 0.792378;
0.552243 0.333331 0.792378;
0.552243 0.333331 0.810167;
0.552243 0.333331 0.810167;
0.552243 0.333331 0.810167;
0.552243 0.333331 0.810167;
0.552242 0.333331 0.810167;
0.552242 0.333331 0.856975;
0.552242 0.333331 0.856975;
0.552242 0.333331 0.856975;
0.552242 0.333332 0.871832;
0.552242 0.333332 0.871832;
0.552242 0.333332 0.977212;
0.552242 0.333332 0.977212;
0.552241 0.333332 0.977212;
0.552241 0.333332 0.977212;
0.552241 0.333332 0.977212;
0.552241 0.333332 0.977212;
0.552241 0.333332 0.977212;
0.552241 0.333332 0.977212;
0.552241 0.333332 0.977212;
0.552241 0.333332 0.977212;
0.552241 0.333332 0.977212;
0.552241 0.333332 0.977212;
0.552241 0.333332 0.977212;
0.552241 0.333332 0.977212;
0.552241 0.333332 0.977212;
0.552241 0.333332 0.977212;
0.552241 0.333332 0.977212;
0.552241 0.333332 1;
0.552241 0.333332 1;
0.552241 0.333332 1;
0.552241 0.333332 1;
0.552241 0.333332 1;
0.552241 0.333332 1;
0.552241 0.333332 1;
0.55224 0.333332 1;
0.55224 0.333332 1;
0.55224 0.333332 1;
0.55224 0.333333 0.992304;
0.55224 0.333333 0.992304;
0.55224 0.333333 0.964596;
0.55224 0.333333 0.907692;
0.55224 0.333333 0.850222;
0.55224 0.333333 0.834615;
0.55224 0.333333 0.834615;
0.55224 0.333333 0.931329;
0.57554 0.333333 0.931329;
0.609476 0.333333 1;
0.640005 0.333333 1;
0.66787 0.333974 1;
0.66787 0.335448 1;
0.682576 0.335448 1;
0.682576 0.338256 1;
0.682576 0.338256 1;
0.682576 0.338256 1;
0.693421 0.338256 1;
0.693421 0.340782 1;
0.693485 0.340782 1;
0.684994 0.343055 1;
0.677351 0.344904 1;
0.670472 0.344987 0.967025;
0.665793 0.344684 1;
0.663055 0.342944 0.94101;
0.660652 0.341078 0.834618;
0.660652 0.339377 0.729592;
0.660652 0.339377 0.729592;
0.65849 0.339377 0.729592;
0.65849 0.337847 0.62453;
0.65849 0.337847 0.62453;
0.651777 0.337847 0.62453;
0.651777 0.337396 0.551916;
0.651777 0.337396 0.551916;
0.641823 0.337396 0.551916;
0.641823 0.33699 0.503609;
0.632864 0.33699 0.503609;
0.632864 0.336624 0.502013;
0.624802 0.336624 0.502013;
0.624802 0.336295 0.475948;
0.617546 0.336295 0.475948;
0.617546 0.335999 0.496319;
0.611015 0.335999 0.496319;
0.611015 0.335732 0.464248;
0.605137 0.335732 0.464248;
0.605137 0.335492 0.489177;
0.605137 0.335492 0.489177;
0.599847 0.335492 0.489177;
0.599847 0.335276 0.539276;
0.599847 0.335276 0.539276;
0.595087 0.335276 0.539276;
0.595087 0.335082 0.642489;
0.590802 0.335082 0.642489;
0.590802 0.334907 0.59602;
0.590802 0.334907 0.59602;
0.590802 0.334907 0.59602;
0.586945 0.334907 0.59602;
0.586945 0.33475 0.59602;
0.586945 0.33475 0.59602;
0.586945 0.33475 0.59602;
0.586945 0.33475 0.59602;
0.583475 0.33475 0.59602;
0.583475 0.334608 0.59602;
0.583475 0.334608 0.59602;
0.583475 0.334608 0.59602;
0.583475 0.334608 0.59602;
0.580351 0.334608 0.59602;
0.580351 0.334481 0.593328;
0.580351 0.334481 0.593328;
0.57754 0.334481 0.593328;
0.57754 0.334366 0.560934;
0.57501 0.334366 0.560934;
0.57501 0.334263 0.518852;
0.572733 0.334263 0.518852;
0.572733 0.33417 0.530541;
0.572733 0.33417 0.530541;
0.572733 0.33417 0.530541;
0.570683 0.33417 0.530541;
0.570683 0.334086 0.530541;
0.570683 0.334086 0.530541;
0.570683 0.334086 0.530541;
0.568839 0.334086 0.530541;
0.568839 0.334011 0.530541;
0.568839 0.334011 0.530541;
0.567179 0.334011 0.530541;
0.567179 0.333943 0.530541;
0.567179 0.333943 0.530541;
0.567179 0.333943 0.530541;
0.567179 0.333943 0.530541;
0.565685 0.333943 0.530541;
0.565685 0.333882 0.524671;
0.565685 0.333882 0.524671;
0.565685 0.333882 0.524671;
0.565685 0.333882 0.524671;
0.56434 0.333882 0.524671;
0.56434 0.333827 0.506189;
0.56434 0.333827 0.506189;
0.56434 0.333827 0.506189;
0.56434 0.333827 0.506189;
0.56313 0.333827 0.506189;
0.56313 0.333778 0.478559;
0.562041 0.333778 0.478559;
0.561061 0.333733 0.478559;
0.560179 0.333693 0.478559;
0.560179 0.333657 0.478559;
0.560179 0.333657 0.478559;
0.560179 0.333657 0.478559;
0.560179 0.333657 0.478559;
0.560179 0.333657 0.478559;
0.560179 0.333657 0.478559;
0.560179 0.333657 0.478559;
0.560179 0.333657 0.478559;
0.560179 0.333657 0.478559;
0.560179 0.333657 0.478559;
0.560179 0.333657 0.478559;
0.560179 0.333657 0.478559;
0.560179 0.333657 0.478559;
0.560179 0.333657 0.478559;
0.560179 0.333657 0.478559;
0.560179 0.333657 0.478559;
0.560179 0.333657 0.478559;
0.560179 0.333657 0.478559;
0.559385 0.333657 0.478559;
0.559385 0.333625 0.478559;
0.559385 0.333625 0.478559;
0.559385 0.333625 0.478559;
0.559385 0.333625 0.478559;
0.55867 0.333625 0.478559;
0.55867 0.333596 0.478267;
0.55867 0.333596 0.478267;
0.55867 0.333596 0.478267;
0.55867 0.333596 0.478267;
0.55867 0.333596 0.478267;
0.558027 0.333596 0.478267;
0.558027 0.33357 0.463992;
0.558027 0.33357 0.463992;
0.557446 0.33357 0.463992;
0.557446 0.333546 0.461489;
0.557446 0.333546 0.461489;
0.556923 0.333546 0.461489;
0.556923 0.333524 0.494485;
0.556452 0.333524 0.494485;
0.55603 0.333505 0.571533;
0.55603 0.333488 0.706852;
0.55565 0.333488 0.706852;
0.55565 0.333472 0.83203;
0.55565 0.333472 0.83203;
0.555309 0.333472 0.83203;
0.555309 0.333459 0.942186;
0.555309 0.333459 0.942186;
0.555002 0.333459 0.942186;
0.555002 0.333446 1;
0.554726 0.333446 1;
0.554726 0.333435 1;
0.554726 0.333435 1;
0.554726 0.333435 1;
0.554726 0.333435 1;
0.554477 0.333435 1;
0.554477 0.333425 1;
0.554477 0.333425 1;
0.554477 0.333425 1;
0.554477 0.333425 1;
0.554253 0.333425 1;
0.554253 0.333416 1;
0.554253 0.333416 1;
0.554253 0.333416 1;
0.554253 0.333416 1;
0.554052 0.333416 1;
0.554052 0.333407 0.997577;
0.554052 0.333407 0.997577;
0.554052 0.333407 0.997577;
0.55387 0.333407 0.997577;
0.55387 0.3334 0.997577;
0.55387 0.3334 0.997577;
0.553707 0.3334 0.997577;
0.553707 0.333393 1;
0.553707 0.333393 1;
0.55356 0.333393 1;
0.55356 0.333387 1;
0.55356 0.333387 1;
0.55356 0.333387 1;
0.553428 0.333387 1;
0.553308 0.333382 1;
0.553201 0.333377 0.989461;
0.553104 0.333373 0.927575;
0.553104 0.333369 0.855714;
0.553018 0.333369 0.855714;
0.553018 0.333365 0.822992;
0.55294 0.333365 0.822992;
0.55294 0.333362 0.791784;
0.55287 0.333362 0.791784;
0.55287 0.333359 0.862233;
0.55287 0.333359 0.862233;
0.552807 0.333359 0.862233;
0.552807 0.333356 0.942343;
0.552807 0.333356 0.942343;
0.552807 0.333356 0.942343;
0.55275 0.333356 0.942343;
0.55275 0.333354 1;
0.55275 0.333354 1;
0.55275 0.333354 1;
0.552699 0.333354 1;
0.552699 0.333352 1;
0.552699 0.333352 1;
0.552699 0.333352 1;
0.552699 0.333352 1;
0.552653 0.333352 1;
0.552653 0.33335 1;
0.552611 0.33335 1;
0.552611 0.333349 0.903545;
0.552574 0.333349 0.903545;
0.55254 0.333347 0.952869;
0.55254 0.333346 1;
0.55254 0.333346 1;
0.55254 0.333346 1;
0.55251 0.333346 1;
0.55251 0.333344 1;
0.55251 0.333344 1;
0.55251 0.333344 1;
0.55251 0.333344 1;
0.552483 0.333344 1;
0.552483 0.333343 1;
0.552483 0.333343 1;
0.552459 0.333343 1;
0.552459 0.333342 1;
0.552437 0.333342 1;
0.552437 0.333341 1;
0.552417 0.333341 1;
0.552417 0.333341 1;
0.552417 0.333341 1;
0.552399 0.333341 1;
0.552399 0.33334 1;
0.552399 0.33334 1;
0.552399 0.33334 1;
0.552399 0.33334 1;
0.552383 0.33334 1;
0.552383 0.333339 1;
0.552383 0.333339 1;
0.552383 0.333339 1;
0.552383 0.333339 1;
0.552369 0.333339 1;
0.552369 0.333339 1;
0.552369 0.333339 1;
0.552369 0.333339 1;
0.552369 0.333339 1;
0.552356 0.333339 1;
0.552356 0.333338 1;
0.552356 0.333338 1;
0.552356 0.333338 1;
0.552356 0.333338 1;
0.552356 0.333338 1;
0.552344 0.333338 1;
0.552344 0.333338 1;
0.552344 0.333338 1;
0.552344 0.333338 1;
0.552344 0.333338 1;
0.552333 0.333338 1;
0.552333 0.333337 0.96369;
0.552333 0.333337 0.96369;
0.552324 0.333337 0.96369;
0.552324 0.333337 0.926513;
0.552324 0.333337 0.926513;
0.552315 0.333337 0.926513;
0.552315 0.333336 0.926513;
0.552315 0.333336 0.926513;
0.552315 0.333336 0.926513;
0.552315 0.333336 0.926513;
0.552308 0.333336 0.926513;
0.552308 0.333336 0.864161;
0.552308 0.333336 0.864161;
0.552308 0.333336 0.864161;
0.552301 0.333336 0.864161;
0.552301 0.333336 0.815526;
0.552301 0.333336 0.815526;
0.552301 0.333336 0.815526;
0.552301 0.333336 0.815526;
0.552295 0.333336 0.815526;
0.552295 0.333336 0.789616;
0.552295 0.333336 0.789616;
0.552295 0.333336 0.789616;
0.552289 0.333336 0.789616;
0.552289 0.333335 0.8472;
0.552289 0.333335 0.8472;
0.552284 0.333335 0.8472;
0.552284 0.333335 0.875879;
0.552284 0.333335 0.875879;
0.552284 0.333335 0.875879;
0.552279 0.333335 0.875879;
0.552279 0.333335 0.899497;
0.552275 0.333335 0.899497;
0.552272 0.333335 0.870271;
0.552272 0.336028 0.845745;
0.553088 0.336028 0.845745;
0.563196 0.338451 0.942072;
0.563196 0.341946 0.960962;
0.586926 0.341946 0.960962;
0.614679 0.34509 1;
0.614679 0.345111 1;
0.63969 0.345111 1;
0.63969 0.343822 1;
0.662201 0.343822 1;
0.662201 0.342662 1;
0.666599 0.342662 1;
0.655099 0.341725 1;
0.644751 0.340881 0.975806;
0.635437 0.340121 0.958596;
0.627099 0.339437 1;
0.627099 0.338825 0.934356;
0.619575 0.338825 0.934356;
0.612808 0.338273 0.888831;
0.60672 0.337776 0.992171;
0.601265 0.337329 1;
0.601265 0.336929 0.954139;
0.601265 0.336929 0.954139;
0.596356 0.336929 0.954139;
0.596356 0.336569 1;
0.596356 0.336569 1;
0.596356 0.336569 1;
0.591942 0.336569 1;
0.591942 0.336245 1;
0.587957 0.336245 1;
0.584369 0.335953 1;
0.581139 0.335689 0.964761;
0.578233 0.335452 0.824222;
0.578233 0.335238 0.738963;
0.578233 0.335238 0.738963;
0.578233 0.335238 0.738963;
0.575618 0.335238 0.738963;
0.575618 0.335046 0.722637;
0.592384 0.335046 0.722637;
0.628847 0.334873 0.787376;
0.661641 0.334718 0.722657;
0.69122 0.335986 0.845938;
0.69122 0.33713 0.954426;
0.707988 0.33713 0.954426;
0.704069 0.338157 1;
0.704069 0.339085 1;
0.688789 0.339085 1;
0.675043 0.338507 1;
0.675043 0.337987 1;
0.662743 0.337987 1;
0.662743 0.33752 0.97757;
0.651678 0.33752 0.97757;
0.651678 0.337101 0.998004;
0.641682 0.337101 0.998004;
0.641682 0.336722 0.967559;
0.632731 0.336722 0.967559;
0.632731 0.336383 0.952566;
0.624675 0.336383 0.952566;
0.624675 0.336078 0.864943;
0.617428 0.336078 0.864943;
0.617428 0.335803 0.861445;
0.610909 0.335803 0.861445;
0.610909 0.335556 0.894853;
0.605042 0.335556 0.894853;
0.605042 0.335334 0.997471;
0.605042 0.335334 0.997471;
0.599761 0.335334 0.997471;
0.599761 0.335134 1;
0.599761 0.335134 1;
0.595009 0.335134 1;
0.595009 0.334954 1;
0.590732 0.334954 1;
0.590732 0.334792 0.968114;
0.590732 0.334792 0.968114;
0.590732 0.334792 0.968114;
0.586883 0.334792 0.968114;
0.586883 0.334646 1;
0.583418 0.334646 1;
0.583418 0.334515 1;
0.583418 0.334515 1;
0.5803 0.334515 1;
0.5803 0.334397 1;
0.577494 0.334397 1;
0.577494 0.33429 0.891276;
0.577494 0.33429 0.891276;
0.577494 0.33429 0.891276;
0.574969 0.33429 0.891276;
0.574969 0.334195 0.891276;
0.574969 0.334195 0.891276;
0.572696 0.334195 0.891276;
0.572696 0.334108 0.845917;
0.57065 0.334108 0.845917;
0.57065 0.334031 0.800518;
0.568809 0.334031 0.800518;
0.568809 0.333961 0.872902;
0.568809 0.333961 0.872902;
0.568809 0.333961 0.872902;
0.568809 0.333961 0.872902;
0.567146 0.333961 0.872902;
0.567146 0.333898 0.927728;
0.565654 0.333898 0.927728;
0.565654 0.333842 0.918341;
0.564307 0.333842 0.918341;
0.563094 0.33379 0.847886;
0.562003 0.333744 0.752237;
0.562003 0.333703 0.754262;
0.562003 0.333703 0.754262;
0.561025 0.333703 0.754262;
0.561025 0.333666 0.852205;
0.560142 0.333666 0.852205;
0.560142 0.333632 0.871531;
0.560142 0.333632 0.871531;
0.560142 0.333632 0.871531;
0.559348 0.333632 0.871531;
0.558633 0.333602 0.93859;
0.558633 0.333575 0.957507;
0.558633 0.333575 0.957507;
0.558633 0.333575 0.957507;
0.557993 0.333575 0.957507;
0.557993 0.333551 0.878609;
0.557416 0.333551 0.878609;
0.557416 0.333529 0.899565;
0.556898 0.333529 0.899565;
0.556898 0.33351 0.930869;
0.556432 0.33351 0.930869;
0.556432 0.333492 0.961991;
0.556013 0.333492 0.961991;
0.556013 0.333476 1;
0.555634 0.333476 1;
0.555293 0.333462 1;
0.555293 0.333449 1;
0.554987 0.333449 1;
0.554987 0.333437 1;
0.554987 0.333437 1;
0.554987 0.333437 1;
0.554987 0.333437 1;
0.554711 0.333437 1;
0.554711 0.333427 1;
0.554711 0.333427 1;
0.554464 0.333427 1;
0.554464 0.333417 1;
0.554464 0.333417 1;
0.554464 0.333417 1;
0.554464 0.333417 1;
0.55424 0.333417 1;
0.55424 0.333409 1;
0.55404 0.333409 1;
0.55404 0.333401 1;
0.55404 0.333401 1;
0.55386 0.333401 1;
0.55386 0.333395 1;
0.55386 0.333395 1;
0.55386 0.333395 1;
0.553697 0.333395 1;
0.553697 0.333388 0.980658;
0.553551 0.333388 0.980658;
0.553419 0.333383 0.998542;
0.553301 0.333378 1;
0.553301 0.333373 1;
0.553194 0.333373 1;
0.553098 0.333369 1;
0.553098 0.333366 0.955408;
0.553098 0.333366 0.955408;
0.553012 0.333366 0.955408;
0.553012 0.333363 0.873982;
0.552934 0.333363 0.873982;
0.552864 0.33336 0.853105;
0.561225 0.333357 0.801143;
0.561225 0.333355 0.69101;
0.568755 0.333355 0.69101;
0.568755 0.333352 0.657265;
0.568755 0.333352 0.657265;
0.568755 0.333352 0.657265;
0.575533 0.333352 0.657265;
0.575533 0.333351 0.641252;
0.581621 0.333351 0.641252;
0.578672 0.333349 0.613858;
0.576016 0.333347 0.553372;
0.576016 0.333346 0.696967;
0.576016 0.333346 0.696967;
0.576016 0.333346 0.696967;
0.576016 0.333346 0.696967;
0.576016 0.333346 0.696967;
0.573625 0.333346 0.696967;
0.571475 0.333345 0.823331;
0.582303 0.333343 0.926698;
0.605704 0.333342 0.874476;
0.605704 0.332803 0.935068;
0.626793 0.332803 0.935068;
0.626793 0.332317 0.898637;
0.626793 0.332317 0.898637;
0.626793 0.332317 0.898637;
0.645723 0.332317 0.898637;
0.649094 0.331881 0.94112;
0.649094 0.331488 0.925855;
0.649094 0.331488 0.925855;
0.649094 0.331488 0.925855;
0.639361 0.331488 0.925855;
0.639361 0.331673 0.9103;
0.639361 0.331673 0.9103;
0.630601 0.331673 0.9103;
0.622716 0.33184 0.829388;
0.618092 0.331991 0.841165;
0.613928 0.332655 0.950226;
0.61018 0.334146 1;
0.606755 0.335487 1;
0.596899 0.337567 1;
0.578992 0.338742 1;
0.555908 0.339434 1;
0.535133 0.340421 0.990737;
0.52005 0.341819 1;
0.511268 0.345265 1;
0.504686 0.347667 1;
0.506584 0.352623 1;
0.506584 0.357083 1;
0.511285 0.357083 1;
0.511285 0.358019 0.909092;
0.511285 0.358019 0.909092;
0.511285 0.358019 0.909092;
0.51553 0.358019 0.909092;
0.51553 0.356339 0.880884;
0.519352 0.356339 0.880884;
0.522658 0.354414 0.888036;
0.525633 0.352296 0.848985;
0.528313 0.350386 0.865134;
0.530723 0.348667 0.846531;
0.532891 0.347121 0.784953;
0.532441 0.347251 0.733157;
0.52933 0.351423 0.717599;
0.52523 0.358271 0.663379;
0.521541 0.365637 0.600344;
0.513908 0.372264 0.541709;
0.503469 0.37806 0.535152;
0.503469 0.385397 0.514162;
0.497627 0.385397 0.514162;
0.497627 0.392026 0.566835;
0.49939 0.392026 0.566835;
0.49939 0.39125 0.537329;
0.504675 0.39125 0.537329;
0.504675 0.385458 0.580294;
0.509449 0.385458 0.580294;
0.513731 0.380223 0.619181;
0.513731 0.37553 0.51573;
0.517598 0.37553 0.51573;
0.517598 0.371287 0.582739;
0.521079 0.371287 0.582739;
0.52421 0.36747 0.62899;
0.52703 0.364035 0.753849;
0.529567 0.360943 0.848674;
0.531848 0.35816 0.956833;
0.531018 0.355654 0.946676;
0.519214 0.3534 1;
0.498565 0.353284 1;
0.479682 0.356266 1;
0.462697 0.357179 1;
0.449277 0.359244 1;
0.449277 0.361158 1;
0.449277 0.361158 1;
0.444246 0.361158 1;
0.448942 0.361175 1;
0.469246 0.359885 0.99993;
0.469246 0.356665 0.933472;
0.501678 0.356665 0.933472;
0.501678 0.35215 0.888108;
0.531616 0.35215 0.888108;
0.558561 0.344361 0.811464;
0.582244 0.337351 0.768272;
0.600599 0.331844 0.72751;
0.612641 0.326444 0.717722;
0.61966 0.325622 0.7845;
0.625971 0.325182 0.802279;
0.631646 0.325566 0.725795;
0.635618 0.327066 0.766003;
0.637677 0.32859 0.739865;
0.639526 0.333494 0.717062;
0.641228 0.341244 0.653986;
0.641228 0.348226 0.616226;
0.640552 0.348226 0.616226;
0.635693 0.354499 0.596674;
0.62731 0.355858 0.582343;
0.619765 0.353595 0.495775;
0.612974 0.351556 0.412408;
0.60686 0.349718 0.417731;
0.603988 0.348065 0.385213;
0.601402 0.346578 0.341478;
0.593296 0.345962 0.299512;
0.577182 0.346273 0.262317;
0.553441 0.346893 0.251153;
0.532074 0.34857 0.281229;
0.512845 0.350394 0.265805;
0.500604 0.352764 0.306605;
0.502958 0.354895 0.294396;
0.505079 0.355917 0.347332;
0.506988 0.357732 0.391111;
0.498215 0.359364 0.394878;
0.490323 0.362774 0.392894;
0.479993 0.368326 0.392314;
0.461165 0.373647 0.523545;
0.44261 0.378434 0.67072;
0.432639 0.382414 0.800233;
0.430407 0.385677 0.75318;
0.428407 0.385372 0.808456;
0.437754 0.381853 0.883491;
0.470899 0.377068 0.972649;
0.500725 0.371174 0.960382;
0.537342 0.363705 1;
0.575429 0.356771 1;
0.604571 0.350785 0.993705;
0.619482 0.345396 0.98674;
0.622522 0.346217 0.917252;
0.625254 0.353504 0.839771;
0.626128 0.360061 0.916066;
0.62514 0.365962 1;
0.623402 0.370442 1;
0.621835 0.374473 1;
0.620423 0.377912 0.983325;
0.615762 0.380889 1;
0.608006 0.383566 1;
0.603868 0.385973 1;
0.605457 0.385925 1;
0.606884 0.38234 1;
0.608166 0.375542 1;
0.609318 0.365215 1;
0.610352 0.353499 0.948585;
0.606861 0.342954 0.896362;
0.600906 0.333463 0.952669;
0.593536 0.329799 1;
0.586901 0.333793 1;
0.585196 0.337387 1;
0.595486 0.340622 1;
0.610442 0.343408 0.890425;
0.623897 0.34215 0.865305;
0.636 0.339005 0.853725;
0.645647 0.334923 0.831275;
0.651814 0.33046 0.865097;
0.657357 0.326444 0.971286;
0.657357 0.32283 1;
0.657357 0.32283 1;
0.665218 0.32283 1;
0.665218 0.32058 1;
0.677834 0.32058 1;
0.677834 0.320041 0.93328;
0.700777 0.320041 0.93328;
0.733589 0.321646 0.974986;
0.768041 0.325262 1;
0.800479 0.328517 1;
0.831099 0.329076 1;
0.85847 0.332762 1;
0.882702 0.337967 1;
0.882702 0.339439 1;
0.882702 0.339439 1;
0.892881 0.339439 1;
0.891863 0.334627 0.935045;
0.890647 0.326238 1;
0.887157 0.320892 1;
0.877484 0.316081 1;
0.868442 0.311752 1;
0.851126 0.309501 1;
0.828339 0.308095 1;
0.801845 0.308398 0.926479;
0.769974 0.312168 1;
0.735011 0.319179 0.961683;
0.703384 0.328658 0.931315;
0.674945 0.337189 0.840518;
0.649711 0.344867 0.803901;
0.627007 0.351287 0.722674;
0.60505 0.357785 0.744483;
0.586816 0.362258 0.770567;
0.572202 0.365154 0.770192;
0.559049 0.369153 0.756356;
0.555055 0.372776 0.74281;
0.557879 0.376036 0.690063;
0.570784 0.377837 0.679385;
0.582646 0.378319 0.783935;
0.59332 0.377508 0.899863;
0.59332 0.376775 0.964113;
0.602924 0.376775 0.964113;
0.602924 0.376114 1;
0.602324 0.376114 1;
0.601403 0.376293 1;
0.599297 0.378007 0.953374;
0.594639 0.379548 1;
0.58386 0.380933 1;
0.565475 0.381732 1;
0.548928 0.38081 1;
0.534037 0.379979 1;
0.525098 0.379229 0.911094;
0.530309 0.377977 0.93707;
0.545751 0.376848 1;
0.562195 0.375171 0.995723;
0.562195 0.37183 0.878062;
0.583549 0.37183 0.878062;
0.609948 0.366251 0.8894;
0.643934 0.359798 0.912603;
0.684639 0.353989 0.870045;
0.684639 0.350461 0.950948;
0.72484 0.350461 0.950948;
0.760931 0.349042 0.913051;
0.79186 0.352372 1;
0.815555 0.35728 1;
0.826673 0.366685 0.954081;
0.830955 0.37811 1;
0.832784 0.390793 0.930408;
0.832923 0.403911 1;
0.830832 0.414842 1;
0.824023 0.421434 0.998699;
0.81686 0.424494 0.984624;
0.810404 0.422853 0.921838;
0.791089 0.421372 0.84129;
0.762231 0.420036 0.847434;
0.730878 0.423843 0.746876;
0.702693 0.430766 0.666824;
0.676826 0.436991 0.659995;
0.647693 0.442588 0.716805;
0.624393 0.452604 0.682093;
0.61921 0.456829 0.789437;
0.626102 0.454559 0.852414;
0.623648 0.44733 0.833534;
0.630869 0.444105 0.94351;
0.637361 0.445926 0.960097;
0.640894 0.445186 0.903703;
0.644069 0.441227 0.868876;
0.644871 0.43766 0.805644;
0.645589 0.434148 0.703742;
0.644216 0.430982 0.650622;
0.635987 0.42813 0.618025;
0.626473 0.430241 0.589603;
0.616384 0.436689 0.602741;
0.594471 0.445863 0.594553;
0.57475 0.454269 0.51419;
0.567429 0.461827 0.482984;
0.562799 0.468621 0.43268;
0.5573 0.47442 0.396727;
0.5573 0.47963 0.453979;
0.5573 0.47963 0.453979;
0.549189 0.47963 0.453979;
0.545053 0.482956 0.478295;
0.543433 0.484451 0.482697;
0.544904 0.483916 0.518617;
0.543881 0.47951 0.599613;
0.545309 0.47198 0.628381;
0.550138 0.462986 0.652171;
0.563648 0.452348 0.632695;
0.582838 0.44114 0.680364;
0.600106 0.430572 0.636113;
0.615643 0.421261 0.542396;
0.631401 0.412877 0.603332;
0.635091 0.405683 0.568554;
0.629057 0.401956 0.538975;
0.619203 0.4009 0.555161;
0.611139 0.403512 0.582469;
0.599464 0.406393 0.552402;
0.582934 0.411409 0.51949;
0.568057 0.416885 0.518827;
0.555622 0.420844 0.484631;
0.546383 0.422639 0.484395;
0.546383 0.42182 0.475995;
0.546383 0.42182 0.475995;
0.533965 0.42182 0.475995 ;
0.525984 0.423511 0.420105;
0.518802 0.422539 0.524753;
0.518802 0.42166 0.616928;
0.509939 0.42166 0.616928;
0.509939 0.42181 0.568381;
0.501963 0.42181 0.568381;
0.494003 0.424077 0.560265;
0.486842 0.427139 0.548616;
0.480402 0.42989 0.562516;
0.486645 0.432361 0.571019;
0.508387 0.433555 0.59201;
0.527954 0.434299 0.671058;
0.545565 0.434066 0.622371;
0.567468 0.432078 0.710316;
0.580885 0.428191 0.669366;
0.584332 0.422228 0.598989;
0.584362 0.415241 0.55906;
0.584388 0.40895 0.497886;
0.580502 0.403285 0.533613;
0.566113 0.405407 0.535771;
0.542609 0.412706 0.500123;
0.513338 0.419272 0.5123;
0.513338 0.426127 0.502015;
0.513338 0.426127 0.502015;
0.513338 0.426127 0.502015;
0.495119 0.426127 0.502015;
0.495119 0.43201 0.430236;
0.482885 0.43201 0.430236;
0.482885 0.43593 0.588608;
0.482885 0.43593 0.588608;
0.476072 0.43593 0.588608;
0.476072 0.437764 0.727975;
0.494815 0.437764 0.727975;
0.511683 0.440361 0.850618;
0.526865 0.444803 0.849333;
0.549824 0.449241 0.957413;
0.569178 0.458366 1;
0.586596 0.469602 0.969712;
0.602269 0.479706 1;
0.602269 0.48879 1;
0.602269 0.48879 1;
0.618999 0.48879 1;
0.638349 0.488961 1;
0.658447 0.477491 1;
0.658447 0.461039 0.953937;
0.676516 0.461039 0.953937;
0.676516 0.446229 1;
0.69284 0.446229 1;
0.69284 0.43294 1;
0.700211 0.43294 1;
0.700211 0.421769 0.931279;
0.700211 0.421769 0.931279;
0.700211 0.421769 0.931279;
0.692198 0.421769 0.931279;
0.692198 0.412926 1;
0.678202 0.412926 1;
0.678202 0.404966 1;
0.678202 0.404966 1;
0.678202 0.404966 1;
0.665549 0.404966 1;
0.665549 0.397777 0.977028;
0.654163 0.397777 0.977028;
0.643917 0.391304 0.886409;
0.6347 0.385477 0.872454;
0.62641 0.38023 0.868473;
0.62641 0.375506 0.943974;
0.632434 0.375506 0.943974;
0.632434 0.370768 0.92902;
0.657977 0.370768 0.92902;
0.657977 0.365136 1;
