0.64921 0.332927 0.978718;
0.639482 0.332968 0.923364;
0.639482 0.333005 1;
0.639482 0.333005 1;
0.639482 0.333005 1;
0.639482 0.333005 1;
0.639482 0.333005 1;
0.630735 0.333005 1;
0.630735 0.333038 1;
0.630735 0.333038 1;
0.630735 0.333038 1;
0.630735 0.333038 1;
0.622813 0.333038 1;
0.615688 0.333068 1;
0.609274 0.333095 1;
0.603504 0.333119 1;
0.598319 0.333141 1;
0.598319 0.333161 1;
0.598319 0.333161 1;
0.605539 0.333161 1;
0.620438 0.333178 0.930036;
0.638339 0.333194 0.91725;
0.661417 0.333151 0.849434;
0.682137 0.332622 0.835369;
0.709753 0.329248 0.742467;
0.709753 0.323968 0.725205;
0.709753 0.323968 0.725205;
0.728532 0.323968 0.725205;
0.728532 0.319218 0.687319;
0.745326 0.319218 0.687319;
0.758115 0.314945 0.633037;
0.758115 0.311341 0.63759;
0.756157 0.311341 0.63759;
0.756157 0.308791 0.609936;
0.756157 0.308791 0.609936;
0.756157 0.308791 0.609936;
0.744203 0.308791 0.609936;
0.744203 0.309196 0.662107;
0.744203 0.309196 0.662107;
0.744203 0.309196 0.662107;
0.725007 0.309196 0.662107;
0.725007 0.31161 0.648722;
0.725007 0.31161 0.648722;
0.707491 0.31161 0.648722;
0.707491 0.313808 0.766552;
0.691749 0.313808 0.766552;
0.691749 0.315789 0.786368;
0.677596 0.315789 0.786368;
0.677596 0.317574 0.680457;
0.677596 0.317574 0.680457;
0.677596 0.317574 0.680457;
0.677596 0.317574 0.680457;
0.66488 0.317574 0.680457;
0.66488 0.31918 0.689781;
0.653461 0.31918 0.689781;
0.649393 0.320623 0.774259;
0.655688 0.321608 0.797097;
0.670729 0.320771 0.783803;
0.70553 0.31753 0.67936;
0.749822 0.31412 0.682553;
0.789409 0.311052 0.597958;
0.824684 0.308295 0.595673;
0.855383 0.306926 0.566095;
0.855383 0.306096 0.515688;
0.875536 0.306096 0.515688;
0.875536 0.305463 0.514373;
0.883544 0.305463 0.514373;
0.883544 0.305469 0.6177;
0.887014 0.305469 0.6177;
0.887014 0.305441 0.579729;
0.887014 0.305441 0.579729;
0.877427 0.305441 0.579729;
0.862101 0.305452 0.553181;
0.830191 0.307145 0.696799;
0.830191 0.309797 0.823183;
0.830191 0.309797 0.823183;
0.801649 0.309797 0.823183;
0.776084 0.312187 0.928288;
0.776084 0.314348 0.982674;
0.766337 0.314348 0.982674;
0.773923 0.316294 0.930535;
0.784744 0.32414 1;
0.797916 0.33726 1;
0.797916 0.349068 0.943387;
0.797916 0.349068 0.943387;
0.809611 0.349068 0.943387;
0.819097 0.359693 0.987423;
0.825439 0.366909 0.851929;
0.83326 0.370112 0.801287;
0.835207 0.370741 0.852374;
0.832668 0.369782 0.818825;
0.828006 0.368914 0.804105;
0.819989 0.367238 0.77551;
0.806302 0.364861 0.668914;
0.794012 0.362719 0.726374;
0.784442 0.360788 0.780243;
0.784442 0.358625 0.7684;
0.782356 0.358625 0.7684;
0.782356 0.357551 0.739171;
0.784272 0.357551 0.739171;
0.793795 0.356581 0.644169;
0.806632 0.355463 0.751691;
0.820667 0.353475 0.72913;
0.833049 0.351684 0.727645;
0.843991 0.35132 0.795654;
0.853633 0.350972 0.808714;
0.860225 0.35074 0.822177;
0.861734 0.350528 0.863885;
0.861478 0.350336 0.970219;
0.857255 0.34875 1;
0.853388 0.346922 1;
0.84984 0.345275 0.962092;
0.84658 0.343792 0.875987;
0.841581 0.342768 0.85349;
0.826365 0.343563 0.890547;
0.801191 0.346869 0.819804;
0.790149 0.349844 0.754195;
0.794067 0.351013 0.741024;
0.794067 0.351485 0.669001;
0.794067 0.351485 0.669001;
0.782908 0.351485 0.669001;
0.761387 0.347405 0.584974;
0.742072 0.343731 0.554655;
0.722354 0.340423 0.565133;
0.697961 0.337829 0.49011;
0.668182 0.335494 0.426231;
0.668182 0.334683 0.464994;
0.641405 0.334683 0.464994;
0.621193 0.335009 0.491276;
0.610614 0.334881 0.497002;
0.62423 0.334161 0.491386;
0.647088 0.333513 0.515441;
0.677572 0.33293 0.449436;
0.704933 0.33239 0.393889;
0.728782 0.331818 0.43847;
0.75013 0.331775 0.404771;
0.752848 0.331373 0.356656;
0.752741 0.330556 0.313068;
0.746191 0.330277 0.298134;
0.739879 0.330398 0.223007;
0.730775 0.331317 0.209713;
0.713035 0.332144 0.182405;
0.675111 0.333862 0.154871;
0.641017 0.336498 0.14648;
0.610163 0.338871 0.188417;
0.582397 0.341006 0.173732;
0.567117 0.341528 0.195233;
0.554087 0.341207 0.293689;
0.543045 0.340916 0.323292;
0.533108 0.339621 0.282174;
0.531564 0.337461 0.306442;
0.545016 0.335804 0.381071 ;
0.565277 0.334312 0.409939;
0.565277 0.331282 0.493157;
0.583532 0.331282 0.493157;
0.583532 0.32855 0.594056;
0.583532 0.32855 0.594056;
0.583532 0.32855 0.594056;
0.599927 0.32855 0.594056;
0.60471 0.326099 0.694108;
0.599425 0.325641 0.820815;
0.594661 0.326419 0.762288;
0.590367 0.327119 0.737068;
0.590367 0.327752 0.731862;
0.590367 0.327752 0.731862;
0.586528 0.327752 0.731862;
0.586528 0.328315 0.752972;
0.583058 0.328315 0.752972;
0.583058 0.328824 0.872615;
0.579945 0.328824 0.872615;
0.57715 0.32928 0.977902;
0.574633 0.32969 0.92333;
0.572367 0.330061 0.861681;
0.572367 0.330394 0.838332;
0.572367 0.330394 0.838332;
0.564183 0.330394 0.838332;
0.546154 0.331165 0.938659;
0.52736 0.332779 0.922004;
0.51042 0.335243 0.949622;
0.51042 0.337465 0.961617;
0.51042 0.337465 0.961617;
0.51042 0.337465 0.961617;
0.495216 0.337465 0.961617;
0.492224 0.339008 0.955518;
0.498269 0.339922 0.920394;
0.503711 0.339256 0.816669;
0.508611 0.338655 0.840223;
0.511225 0.338114 0.787652;
0.510954 0.337627 0.687077;
0.497934 0.339575 0.653171;
0.486225 0.342671 0.63642;
0.475698 0.346703 0.596101;
0.475698 0.350329 0.600221;
0.475698 0.350329 0.600221;
0.467165 0.350329 0.600221;
0.47325 0.352545 0.594507;
0.478728 0.352537 0.560783;
0.483662 0.352527 0.528355;
0.487195 0.352646 0.512024;
0.487195 0.352522 0.504034;
0.496459 0.352522 0.504034;
0.496459 0.353011 0.450895;
0.504798 0.353011 0.450895;
0.526443 0.353449 0.537142;
0.559276 0.353841 0.463248;
0.588824 0.354192 0.41888;
0.615408 0.354506 0.374309;
0.628564 0.354393 0.36935;
0.64039 0.354881 0.381406;
0.647837 0.356256 0.30834;
0.645995 0.357491 0.417122;
0.639847 0.3586 0.533358;
0.634311 0.359685 0.553522;
0.634311 0.360864 0.697099;
0.621776 0.360864 0.697099;
0.621776 0.361951 0.819268;
0.621776 0.361951 0.819268;
0.621776 0.361951 0.819268;
0.621776 0.361951 0.819268;
0.610452 0.361951 0.819268;
0.60026 0.361809 0.843602;
0.595416 0.360795 0.95237;
0.591057 0.358022 1;
0.591057 0.355523 1;
0.58714 0.355523 1;
0.594361 0.353273 1;
0.594361 0.356411 0.918869;
0.594361 0.356411 0.918869;
0.594361 0.356411 0.918869;
0.594361 0.356411 0.918869;
0.615135 0.356411 0.918869;
0.615135 0.367298 0.937447;
0.615135 0.367298 0.937447;
0.615135 0.367298 0.937447;
0.615135 0.367298 0.937447;
0.640367 0.367298 0.937447;
0.640367 0.377093 1;
0.640367 0.377093 1;
0.640367 0.377093 1;
0.640367 0.377093 1;
0.666441 0.377093 1;
0.689856 0.390211 0.899944;
0.712231 0.397699 0.950894;
0.712231 0.404139 1;
0.712231 0.404139 1;
0.734656 0.404139 1;
0.752361 0.406404 0.982118;
0.765934 0.408114 0.987711;
0.775969 0.40752 1;
0.779376 0.403228 0.976993;
0.782379 0.397464 0.884829;
0.782379 0.389222 0.898777;
0.782142 0.389222 0.898777;
0.782142 0.378566 0.877031;
0.778626 0.378566 0.877031;
0.778626 0.369005 0.75465;
0.778626 0.369005 0.75465;
0.778626 0.369005 0.75465;
0.778626 0.369005 0.75465;
0.774285 0.369005 0.75465;
0.774285 0.360401 0.818518;
0.774285 0.360401 0.818518;
0.774285 0.360401 0.818518;
0.774285 0.360401 0.818518;
0.762764 0.360401 0.818518;
0.762764 0.354948 0.840031;
0.762764 0.354948 0.840031;
0.762764 0.354948 0.840031;
0.762764 0.354948 0.840031;
0.74141 0.354948 0.840031;
0.722232 0.352767 0.859683;
0.704999 0.350804 0.862802;
0.689518 0.349034 0.883858;
0.675618 0.347443 0.87539;
0.665066 0.346009 0.902244;
0.655997 0.344717 0.957139;
0.647836 0.343557 1;
0.647836 0.34365 0.972109;
0.647836 0.34365 0.972109;
0.647836 0.34365 0.972109;
0.640491 0.34365 0.972109;
0.640491 0.347428 0.896957;
0.640491 0.347428 0.896957;
0.640491 0.347428 0.896957;
0.632361 0.347428 0.896957;
0.632361 0.353539 0.817297;
0.632361 0.353539 0.817297;
0.632361 0.353539 0.817297;
0.625043 0.353539 0.817297;
0.625043 0.359037 0.802753;
0.618456 0.359037 0.802753;
0.622106 0.363983 0.743102;
0.638195 0.365577 0.717581;
0.653323 0.3633 0.63076;
0.653323 0.360515 0.596617;
0.666914 0.360515 0.596617;
0.666914 0.358007 0.61049;
0.679115 0.358007 0.61049;
0.678793 0.355747 0.67265;
0.661077 0.354618 0.781788;
0.635121 0.354565 0.835565;
0.610009 0.355083 0.780922 ;
0.585857 0.358146 0.751192;
0.548336 0.363139 0.824315;
0.548336 0.36763 0.830552;
0.548336 0.36763 0.830552;
0.548336 0.36763 0.830552;
0.497636 0.36763 0.830552;
0.497636 0.371951 0.866077;
0.452036 0.371951 0.866077;
0.411063 0.376427 0.912836;
0.411063 0.380451 0.931696;
0.411063 0.380451 0.931696;
0.377355 0.380451 0.931696;
0.377355 0.383339 1;
0.347768 0.383339 1;
0.327598 0.386362 0.996621;
0.312501 0.389078 1;
0.302204 0.39061 1;
0.293054 0.39124 1;
0.285093 0.391802 0.993133;
0.283866 0.394406 1;
0.284748 0.395635 1;
0.27789 0.396831 0.970529;
0.277849 0.397902 0.895471;
0.277849 0.39886 0.80291;
0.277849 0.39886 0.80291;
0.277849 0.39886 0.80291;
0.283341 0.39886 0.80291;
0.283341 0.399716 0.874924;
0.283341 0.399716 0.874924;
0.283341 0.399716 0.874924;
0.289913 0.399716 0.874924;
0.29362 0.399946 0.897157;
0.29362 0.399742 0.855413;
0.29362 0.399742 0.855413;
0.294928 0.399742 0.855413;
0.294928 0.398519 0.831102;
0.296155 0.398519 0.831102;
0.293824 0.395804 0.85773;
0.293824 0.394182 0.848464;
0.293824 0.394182 0.848464;
0.286132 0.394182 0.848464;
0.286132 0.392717 0.858314;
0.286132 0.392717 0.858314;
0.274819 0.392717 0.858314;
0.274819 0.391394 0.842675;
0.261533 0.391394 0.842675;
0.240859 0.39189 0.840258;
0.220159 0.39728 0.811505;
0.220159 0.402124 0.716235;
0.220159 0.402124 0.716235;
0.220159 0.402124 0.716235;
0.201557 0.402124 0.716235;
0.201557 0.406477 0.669737;
0.185167 0.406477 0.669737;
0.175818 0.410127 0.656457;
0.172943 0.407249 0.603214;
0.183705 0.404652 0.54393;
0.202316 0.401699 0.498165;
0.22139 0.396508 0.531339;
0.22139 0.391224 0.544301;
0.240492 0.391224 0.544301;
0.240492 0.389603 0.526946;
0.240492 0.389603 0.526946;
0.26193 0.389603 0.526946;
0.26193 0.389911 0.451812;
0.282739 0.389911 0.451812;
0.282739 0.388461 0.493743;
0.282739 0.388461 0.493743;
0.282739 0.388461 0.493743;
0.302928 0.388461 0.493743;
0.302928 0.386919 0.47367;
0.302928 0.386919 0.47367;
0.302928 0.386919 0.47367;
0.302928 0.386919 0.47367;
0.321794 0.386919 0.47367;
0.321794 0.385527 0.401969;
0.321794 0.385527 0.401969;
0.321794 0.385527 0.401969;
0.346259 0.385527 0.401969;
0.346259 0.38427 0.458968;
0.382185 0.38427 0.458968;
0.414457 0.379075 0.439317;
0.414457 0.374397 0.423018;
0.414457 0.374397 0.423018;
0.414457 0.374397 0.423018;
0.443469 0.374397 0.423018;
0.443469 0.370798 0.395106;
0.450608 0.370798 0.395106;
0.440519 0.367556 0.365338;
0.431461 0.368358 0.325027;
0.423199 0.369077 0.400968;
0.419672 0.369721 0.342635;
0.420161 0.369672 0.352293;
0.422167 0.369421 0.34437;
0.422167 0.368477 0.321526;
0.422167 0.368477 0.321526;
0.422167 0.368477 0.321526;
0.422709 0.368477 0.321526;
0.421788 0.367159 0.262622;
0.417047 0.366437 0.276258;
0.408771 0.366475 0.419706;
0.393377 0.367222 0.429152;
0.379579 0.368547 0.518203;
0.367222 0.369737 0.563834;
0.35514 0.370805 0.58058;
0.34261 0.368302 0.552234;
0.338436 0.364354 0.558831;
0.338864 0.360799 0.495227;
0.339086 0.357597 0.470191;
0.334005 0.356872 0.515575;
0.334312 0.356295 0.53114;
0.335115 0.355773 0.600691;
0.335872 0.355301 0.623706;
0.338908 0.353332 0.667502;
0.344038 0.351558 0.615111;
0.355893 0.349098 0.70297;
0.378178 0.346505 0.828614;
0.395726 0.344171 0.811147;
0.411502 0.342448 0.788678;
0.425689 0.341811 0.706038;
0.43845 0.339656 0.729487;
0.44287 0.337389 0.706476;
0.442726 0.336087 0.671904;
0.432391 0.337044 0.687399;
0.432391 0.33638 0.658714;
0.432391 0.33638 0.658714;
0.430765 0.33638 0.658714;
0.430765 0.335555 0.610456;
0.430765 0.335555 0.610456;
0.430765 0.335555 0.610456;
0.428321 0.335555 0.610456;
0.416942 0.335039 0.697992;
0.394653 0.336094 0.786083;
0.374663 0.338699 0.800505;
0.356728 0.340914 0.753074;
0.340679 0.343371 0.764648;
0.340679 0.345581 0.776562;
0.326334 0.345581 0.776562;
0.326334 0.347724 0.778818;
0.326334 0.347724 0.778818;
0.31294 0.347724 0.778818;
0.306933 0.350755 0.795521;
0.308747 0.353798 0.79837;
0.308747 0.357287 0.790093;
0.308747 0.357287 0.790093;
0.314561 0.357287 0.790093;
0.313869 0.360425 0.81958;
0.313869 0.36329 0.745915;
0.313869 0.36329 0.745915;
0.307971 0.36329 0.745915;
0.307971 0.365866 0.6848;
0.307971 0.365866 0.6848;
0.300296 0.365866 0.6848;
0.28837 0.36886 0.636002;
0.27777 0.373427 0.619511;
0.268364 0.381328 0.676345;
0.268364 0.390853 0.643132;
0.268364 0.390853 0.643132;
0.268507 0.390853 0.643132;
0.268507 0.399474 0.602877;
0.283317 0.399474 0.602877;
0.283317 0.407232 0.725717;
0.30541 0.407232 0.725717;
0.30541 0.407688 0.848631;
0.330093 0.407688 0.848631;
0.330093 0.400252 0.832328;
0.352308 0.400252 0.832328;
0.352308 0.393561 0.840379;
0.372301 0.393561 0.840379;
0.372301 0.387538 0.90999;
0.390295 0.387538 0.90999;
0.390295 0.382117 0.897551;
0.406489 0.382117 0.897551;
0.406489 0.377239 0.969641;
0.421064 0.377239 0.969641;
0.421064 0.372848 1;
0.434181 0.372848 1;
0.434181 0.368897 0.932108;
0.445987 0.368897 0.932108;
0.445987 0.365341 0.836382;
0.456612 0.365341 0.836382;
0.456612 0.36214 0.847598;
0.466175 0.36214 0.847598;
0.466175 0.359259 0.955886;
0.466175 0.359259 0.955886;
0.474781 0.359259 0.955886;
0.474781 0.356667 1;
0.474781 0.356667 1;
0.474781 0.356667 1;
0.474781 0.356667 1;
0.482527 0.356667 1;
0.482527 0.354333 0.939103;
0.482527 0.354333 0.939103;
0.482527 0.354333 0.939103;
0.482527 0.354333 0.939103;
0.489498 0.354333 0.939103;
0.489498 0.352233 0.959711;
0.495772 0.352233 0.959711;
0.495772 0.350343 0.947483;
0.501419 0.350343 0.947483;
0.501419 0.348642 0.965751;
0.506501 0.348642 0.965751;
0.506501 0.347111 0.960461;
0.511075 0.347111 0.960461;
0.511075 0.345734 0.934813;
0.515191 0.345734 0.934813;
0.515191 0.344494 0.920088;
0.518896 0.344494 0.920088;
0.518896 0.343378 0.844364;
0.52223 0.343378 0.844364;
0.52223 0.342373 0.793854;
0.525231 0.342373 0.793854;
0.525231 0.341469 0.707963;
0.527932 0.341469 0.707963;
0.527932 0.340656 0.716504;
0.530363 0.340656 0.716504;
0.530363 0.339923 0.790563;
0.53255 0.339923 0.790563;
0.53255 0.339264 0.755052;
0.534519 0.339264 0.755052;
0.534519 0.338671 0.847004;
0.536291 0.338671 0.847004;
0.536291 0.338137 0.852665;
0.537886 0.338137 0.852665;
0.537886 0.337657 0.846593;
0.539321 0.337657 0.846593;
0.539321 0.337225 0.850279;
0.540613 0.337225 0.850279;
0.540613 0.336836 0.744357;
0.541775 0.336836 0.744357;
0.541775 0.336485 0.755291;
0.542822 0.336485 0.755291;
0.542822 0.33617 0.813933;
0.543764 0.33617 0.813933;
0.543764 0.335886 0.864678;
0.544611 0.335886 0.864678;
0.544611 0.335631 0.941011;
0.544611 0.335631 0.941011;
0.544611 0.335631 0.941011;
0.545374 0.335631 0.941011;
0.545374 0.335401 0.85057;
0.545374 0.335401 0.85057;
0.545374 0.335401 0.85057;
0.545374 0.335401 0.85057;
0.54606 0.335401 0.85057;
0.54606 0.335195 0.813245;
0.54606 0.335195 0.813245;
0.54606 0.335195 0.813245;
0.546678 0.335195 0.813245;
0.546678 0.335008 0.742199;
0.546678 0.335008 0.742199;
0.546678 0.335008 0.742199;
0.546678 0.335008 0.742199;
0.547234 0.335008 0.742199;
0.547234 0.334841 0.667673;
0.547234 0.334841 0.667673;
0.547234 0.334841 0.667673;
0.547234 0.334841 0.667673;
0.547735 0.334841 0.667673;
0.547735 0.33469 0.712249;
0.547735 0.33469 0.712249;
0.547735 0.33469 0.712249;
0.547735 0.33469 0.712249;
0.548185 0.33469 0.712249;
0.548185 0.334554 0.781161;
0.548185 0.334554 0.781161;
0.548185 0.334554 0.781161;
0.54859 0.334554 0.781161;
0.54859 0.334432 0.831877;
0.548955 0.334432 0.831877;
0.548955 0.334322 0.942052;
0.549284 0.334322 0.942052;
0.549284 0.334224 0.955311;
0.549284 0.334224 0.955311;
0.549284 0.334224 0.955311;
0.549579 0.334224 0.955311;
0.549579 0.334135 0.972844;
0.549579 0.334135 0.972844;
0.549845 0.334135 0.972844;
0.549845 0.334054 1;
0.549845 0.334054 1;
0.549845 0.334054 1;
0.549845 0.334054 1;
0.550084 0.334054 1;
0.550084 0.333982 1;
0.550084 0.333982 1;
0.550084 0.333982 1;
0.550084 0.333982 1;
0.5503 0.333982 1;
0.5503 0.333917 1;
0.5503 0.333917 1;
0.5503 0.333917 1;
0.5503 0.333917 1;
0.5503 0.333917 1;
0.550494 0.333917 1;
0.550494 0.333859 1;
0.550494 0.333859 1;
0.550494 0.333859 1;
0.550494 0.333859 1;
0.550668 0.333859 1;
0.550668 0.333806 0.934461;
0.550668 0.333806 0.934461;
0.550668 0.333806 0.934461;
0.550668 0.333806 0.934461;
0.550825 0.333806 0.934461;
0.550825 0.333759 0.863994;
0.550825 0.333759 0.863994;
0.550825 0.333759 0.863994;
0.550825 0.333759 0.863994;
0.550967 0.333759 0.863994;
0.550967 0.333717 0.78609;
0.550967 0.333717 0.78609;
0.550967 0.333717 0.78609;
0.550967 0.333717 0.78609;
0.551094 0.333717 0.78609;
0.551094 0.333678 0.798628;
0.551094 0.333678 0.798628;
0.551094 0.333678 0.798628;
0.551208 0.333678 0.798628;
0.551208 0.333644 0.767095;
0.551208 0.333644 0.767095;
