0.125344 0.374485 0.345309;
0.115868 0.388902 0.304471;
0.109577 0.407186 0.285202;
0.107042 0.420037 0.265877;
0.104921 0.425035 0.272839;
0.104921 0.428297 0.340822;
0.104921 0.428297 0.340822;
0.111455 0.428297 0.340822;
0.127081 0.429944 0.509923;
0.143301 0.430978 0.641575;
0.157876 0.430611 0.774586;
0.167392 0.42653 0.891636;
0.167392 0.423469 0.915473;
0.175978 0.423469 0.915473;
0.183732 0.418179 1;
0.190739 0.412068 1;
0.201013 0.400541 0.893094;
0.201013 0.386102 0.830269;
0.220964 0.386102 0.830269;
0.244658 0.373105 0.726692;
0.265928 0.361407 0.658946;
0.280371 0.352166 0.622679;
0.29119 0.344113 0.558358;
0.29238 0.338118 0.562288;
0.29238 0.3348 0.583132;
0.29238 0.3348 0.583132;
0.282582 0.3348 0.583132;
0.260998 0.333339 0.58537;
0.237746 0.335436 0.621711;
0.20981 0.34692 0.621807;
0.179771 0.364431 0.559185;
0.153031 0.384711 0.523795;
0.129281 0.402961 0.523667;
0.104555 0.423777 0.493353;
0.0826868 0.442505 0.49386;
0.0634033 0.459721 0.460473;
0.039704 0.477506 0.465276;
0.0179246 0.493502 0.451348;
0 0.507886 0.439992;
0 0.520439 0.453724;
0 0.51869 0.469438;
0 0.509095 0.431589;
0 0.500456 0.422864;
0 0.489553 0.393308;
0 0.477008 0.39092;
0 0.465713 0.366933;
0 0.453711 0.337552;
0 0.442906 0.322402;
0 0.431146 0.302694;
0 0.420803 0.302694;
0 0.420803 0.302694;
0 0.420803 0.302694;
0 0.420803 0.302694;
0 0.412056 0.302694;
0 0.412056 0.302694;
0 0.412056 0.302694;
0.0523098 0.404156 0.302694;
0.103697 0.397045 0.282174;
0.149622 0.390643 0.26345;
0.190691 0.384879 0.237952;
0.215445 0.379689 0.214024;
0.237656 0.371951 0.145517;
0.237656 0.360213 0.134761;
0.257597 0.360213 0.134761;
0.268672 0.34703 0.161991;
0.278638 0.333789 0.141284;
0.287607 0.3226 0.224102;
0.287607 0.312531 0.307396;
0.287607 0.312531 0.307396;
0.294848 0.312531 0.307396;
0.292355 0.30347 0.439903;
0.29015 0.29808 0.565093;
0.29015 0.301136 0.607283;
0.288205 0.301136 0.607283;
0.288205 0.304821 0.668408;
0.270615 0.304821 0.668408;
0.249347 0.313592 0.713969;
0.249347 0.321487 0.767014;
0.246447 0.321487 0.767014;
0.246447 0.328513 0.847226;
0.253455 0.328513 0.847226;
0.262358 0.334152 0.906539;
0.271387 0.337425 0.935082;
0.279516 0.34037 0.893351;
0.28684 0.339044 0.891265;
0.28287 0.337851 0.833803;
0.263807 0.336777 0.823013;
0.246769 0.336294 0.752278;
0.23156 0.340164 0.767679;
0.21835 0.343646 0.789777;
0.21521 0.34678 0.722939;
0.216146 0.34649 0.667475;
0.219216 0.343845 0.68202;
0.219216 0.338229 0.728855;
0.222695 0.338229 0.728855;
0.222695 0.32986 0.736378;
0.227609 0.32986 0.736378;
0.227609 0.322328 0.785294;
0.227609 0.322328 0.785294;
0.237638 0.322328 0.785294;
0.245251 0.31555 0.775948;
0.251794 0.311267 0.730908;
0.244033 0.308939 0.675417;
0.234003 0.314366 0.706645;
0.225077 0.324095 0.620278;
0.217144 0.332852 0.565447;
0.211745 0.341299 0.538744;
0.207383 0.34627 0.506329;
0.206938 0.347997 0.47983;
0.20435 0.348462 0.421016;
0.198719 0.348587 0.372473;
0.198719 0.349794 0.353453;
0.198719 0.349794 0.353453;
0.193752 0.349794 0.353453;
0.199336 0.350879 0.421227;
0.204398 0.352345 0.415648;
0.195599 0.354422 0.427139;
0.183993 0.357407 0.363797;
0.170975 0.361234 0.363837;
0.153802 0.363535 0.350142;
0.138572 0.365606 0.383231;
0.12776 0.366794 0.407684;
0.122659 0.367282 0.382256;
0.132527 0.367411 0.353791;
0.141438 0.367526 0.333112;
0.149492 0.368092 0.29245;
0.156777 0.369727 0.326195;
0.173202 0.370887 0.349142;
0.202415 0.37193 0.372639;
0.220399 0.36968 0.360568;
0.236552 0.367654 0.485812;
0.251068 0.365829 0.566056;
0.249052 0.36424 0.516911;
0.246009 0.362988 0.559091;
0.243329 0.361859 0.647973;
0.240976 0.360843 0.719061;
0.244122 0.355187 0.791729;
0.258911 0.350095 0.855238;
0.280616 0.344477 0.859273;
0.300113 0.33942 0.833037;
0.308967 0.335731 0.774002;
0.313053 0.331915 0.687552;
0.319584 0.32848 0.605779;
0.325469 0.324359 0.57094;
0.330773 0.321514 0.633527;
0.335555 0.322256 0.657005;
0.339867 0.322124 0.659031;
0.341807 0.326343 0.644751;
0.337208 0.331845 0.601669;
0.329895 0.337753 0.575799;
0.322806 0.342114 0.511905;
0.316147 0.350174 0.507063;
0.310392 0.357428 0.504712;
0.305599 0.362395 0.446381;
0.301325 0.360944 0.40035;
0.293205 0.359638 0.351747;
0.285205 0.359602 0.352318;
0.27268 0.359568 0.308773;
0.261488 0.363076 0.320172;
0.2515 0.366232 0.30579;
0.248343 0.369071 0.336039;
0.255518 0.369977 0.342216;
0.267777 0.36432 0.308949;
0.280961 0.354372 0.292222;
0.292817 0.345226 0.272388;
0.302897 0.335608 0.241102;
0.319642 0.326952 0.234997;
0.327404 0.320278 0.270821;
0.328936 0.32454 0.273393;
0.328936 0.339689 0.30296;
0.328936 0.339689 0.30296;
0.330059 0.339689 0.30296;
0.331087 0.358239 0.339414;
0.329774 0.377718 0.341921;
0.319062 0.395248 0.402054;
0.302402 0.409706 0.412628;
0.287485 0.42403 0.414243;
0.274139 0.435902 0.448668;
0.266728 0.444873 0.474151;
0.269126 0.451532 0.487398;
0.271313 0.457519 0.562634;
0.273308 0.462902 0.66016;
0.271361 0.467741 0.739795;
0.271361 0.475937 0.719345;
0.266382 0.475937 0.719345;
0.266382 0.489959 0.738604;
0.261958 0.489959 0.738604;
0.258032 0.502569 0.786013;
0.267196 0.513907 0.792053;
0.282492 0.517123 0.738547;
0.296242 0.508767 0.772225;
0.296242 0.497 0.727802;
0.296242 0.497 0.727802;
0.308606 0.497 0.727802;
0.317103 0.482865 0.742752;
0.321413 0.468523 0.737166;
0.317465 0.454404 0.750194;
0.30762 0.443314 0.730058;
0.298812 0.435734 0.715643;
0.290938 0.426597 0.674241;
0.27673 0.416852 0.641413;
0.264026 0.408079 0.598478;
0.252679 0.399945 0.572996;
0.252679 0.390194 0.504724;
0.252679 0.390194 0.504724;
0.239979 0.390194 0.504724;
0.232433 0.378291 0.566693;
0.226694 0.367578 0.510942;
0.226747 0.360037 0.505609;
0.225396 0.355877 0.488852;
0.220561 0.356717 0.458317;
0.215786 0.357812 0.40596;
0.214259 0.361531 0.374836;
0.216154 0.366375 0.398486;
0.217908 0.367998 0.38828;
0.214851 0.366784 0.35192;
0.212172 0.364654 0.40369;
0.217008 0.365072 0.387737;
0.227051 0.365447 0.357008;
0.233791 0.362398 0.314035;
0.239876 0.360851 0.280308;
0.25102 0.362523 0.317405;
0.261047 0.367752 0.271346;
0.269456 0.37029 0.24085;
0.271197 0.372574 0.218216;
0.26486 0.376148 0.238176;
0.249562 0.380893 0.383137;
0.2359 0.388838 0.413108;
0.223715 0.395338 0.373594;
0.219678 0.401186 0.37745;
0.226579 0.402818 0.362653;
0.23281 0.396871 0.294483;
0.238438 0.391517 0.249294;
0.236454 0.386697 0.251238;
0.221289 0.388123 0.236685;
0.20777 0.39612 0.260342;
0.195735 0.403315 0.225409;
0.194378 0.409787 0.316852;
0.208648 0.413753 0.356479;
0.221478 0.415275 0.347555;
0.233018 0.408682 0.328134;
0.243169 0.397828 0.300189;
0.239368 0.388058 0.282593;
0.23601 0.379263 0.299763;
0.226624 0.37203 0.30275;
0.21127 0.373336 0.323389;
0.204581 0.3779 0.301087;
0.198658 0.382007 0.304886;
0.186451 0.381467 0.281126;
0.170671 0.379045 0.219948;
0.156234 0.378626 0.192346;
0.143429 0.378248 0.202011;
0.132094 0.376142 0.171388;
0.126506 0.374357 0.201338;
0.126029 0.373712 0.202857;
0.134803 0.374004 0.264005;
0.152067 0.37261 0.217887;
0.167576 0.370121 0.243351;
0.172293 0.367823 0.215193;
0.169424 0.366628 0.187873;
0.174808 0.36555 0.1798;
0.174184 0.36638 0.219913;
0.170779 0.369472 0.260179;
0.165925 0.372253 0.294761;
0.161668 0.374755 0.339244;
0.158597 0.37435 0.383089;
0.155938 0.370788 0.416681;
0.15365 0.365776 0.392997;
0.15405 0.359404 0.344056;
0.154494 0.353669 0.309119;
0.154978 0.348506 0.311932;
0.153602 0.345673 0.258758;
0.144322 0.354897 0.285678;
0.13613 0.377094 0.249637;
0.128918 0.397069 0.245354;
0.124558 0.415044 0.253479;
0.127144 0.430522 0.252573;
0.129556 0.441252 0.233646;
0.133014 0.450005 0.269775;
0.138702 0.457013 0.343453;
0.141379 0.461453 0.31914;
0.142393 0.465505 0.299605;
0.141195 0.469753 0.288802;
0.140862 0.473571 0.270584;
0.137763 0.485654 0.225649;
0.130219 0.4977 0.175635;
0.123589 0.508532 0.210192;
0.123781 0.512085 0.223183;
0.126931 0.508411 0.176702;
0.132848 0.492941 0.196539;
0.138228 0.475019 0.190783;
0.148707 0.458888 0.198739;
0.16283 0.444367 0.202762;
0.170863 0.430085 0.189746;
0.175286 0.41882 0.220136;
0.18109 0.409783 0.202643;
0.18109 0.402326 0.200322;
0.191999 0.402326 0.200322;
0.216252 0.395406 0.204317;
0.250266 0.389177 0.171715;
0.280797 0.383571 0.176827;
0.308217 0.378525 0.159287;
0.319594 0.373979 0.141799;
0.322855 0.369889 0.171181;
0.322749 0.36621 0.202751;
0.318185 0.362349 0.274246;
0.309493 0.358134 0.280508;
0.295546 0.357143 0.314914;
0.271916 0.35625 0.340281;
0.250765 0.349631 0.330268;
0.231856 0.340348 0.354332;
0.229572 0.331579 0.353282;
0.240908 0.323765 0.342832;
0.251108 0.316732 0.35554;
0.268633 0.310404 0.417931;
0.291279 0.306057 0.499834;
0.30184 0.303412 0.529987;
0.307021 0.302584 0.490641;
0.31744 0.302561 0.450435;
0.328577 0.30514 0.416832;
0.337578 0.310846 0.41013;
0.343946 0.316693 0.522597;
0.349681 0.32159 0.532479;
0.35133 0.327304 0.529484;
0.34436 0.3357 0.570625;
0.331983 0.346885 0.533605;
0.318058 0.35977 0.532795;
0.30558 0.372318 0.540205;
0.297233 0.383611 0.513686;
0.288513 0.393772 0.491032;
0.279818 0.402914 0.492101;
0.272051 0.413936 0.444107;
0.256375 0.424368 0.413291;
0.242363 0.43317 0.415831;
0.229236 0.441852 0.416678;
0.207812 0.452724 0.392429;
0.187504 0.459076 0.398525;
0.169409 0.460958 0.357047;
0.152178 0.462648 0.294909;
0.136874 0.467995 0.361205;
0.123308 0.477759 0.373738;
0.121968 0.481235 0.328165;
0.135421 0.484356 0.280628;
0.153764 0.48637 0.30571;
0.170238 0.479686 0.240941;
0.185885 0.469888 0.250983;
0.20302 0.457207 0.199182;
0.217949 0.444809 0.233716;
0.230427 0.433648 0.200621;
0.24017 0.424177 0.266585;
0.248943 0.416915 0.339613;
0.251898 0.417958 0.347018;
0.250334 0.428801 0.296902;
0.248973 0.438556 0.299447;
0.247792 0.44733 0.240796;
0.244978 0.447892 0.239657;
0.246993 0.438324 0.225137;
0.248839 0.42971 0.279534;
0.250371 0.421371 0.325118;
0.251783 0.413238 0.270669;
0.251859 0.405277 0.270505;
0.253194 0.398749 0.264677;
0.258241 0.392706 0.214273;
0.267284 0.387102 0.189245;
0.275427 0.382058 0.161473;
0.282586 0.377861 0.162695;
0.289038 0.37901 0.2006;
0.292462 0.380033 0.229257;
0.290742 0.382515 0.196301;
0.284985 0.384748 0.183422;
0.279851 0.383441 0.217794;
0.275275 0.380699 0.235562;
0.283074 0.374097 0.260954;
0.288315 0.362253 0.26999;
0.293045 0.351593 0.301362;
0.29786 0.341998 0.287363;
0.289726 0.336105 0.333432;
0.278713 0.337625 0.346679;
0.268867 0.340487 0.308116;
0.263808 0.343062 0.278088;
0.259306 0.34729 0.263511;
0.246002 0.354949 0.248532;
0.227197 0.36512 0.224284;
0.212206 0.374273 0.225011;
0.19704 0.383343 0.251701;
0.18353 0.391503 0.220995;
0.17331 0.396924 0.238449;
0.173313 0.397988 0.200784;
0.185691 0.395695 0.237645;
0.19683 0.39363 0.267201;
0.20686 0.391769 0.289731;
0.208798 0.394301 0.279322;
0.205647 0.408107 0.296728;
0.200364 0.420529 0.29082;
0.194041 0.431705 0.297633;
0.191886 0.440638 0.276146;
0.192073 0.441733 0.243723;
0.1942 0.439723 0.223634;
0.196163 0.435006 0.181246;
0.19798 0.433663 0.144266;
0.202305 0.435446 0.129185;
0.202305 0.434084 0.150402;
0.202305 0.434084 0.150402;
0.202305 0.434084 0.150402;
0.213426 0.434084 0.150402;
0.238044 0.42992 0.243115;
0.269796 0.422554 0.259405;
0.29831 0.413604 0.241384;
0.323928 0.405547 0.286577;
0.343181 0.398295 0.279104;
0.353039 0.391765 0.270668;
0.356202 0.385887 0.315536;
0.359057 0.38019 0.305296;
0.359194 0.373503 0.293858;
0.35489 0.367484 0.281614;
0.351037 0.362065 0.296299;
0.34759 0.36029 0.294709;
0.340858 0.364031 0.286181;
0.333275 0.371137 0.27999;
0.330152 0.37753 0.286268;
0.332153 0.379893 0.325191;
0.325513 0.377213 0.385995;
0.320124 0.373983 0.381014;
0.320387 0.370807 0.344177;
0.323187 0.365929 0.344121;
0.320642 0.357749 0.331854;
0.318376 0.350386 0.369045;
0.320573 0.345373 0.343797;
0.323538 0.337531 0.323752;
0.338991 0.330181 0.287569;
0.372036 0.323565 0.277566;
0.401749 0.316281 0.241832;
0.428475 0.307227 0.255475;
0.452406 0.298294 0.247264;
0.464029 0.290255 0.260232;
0.464029 0.283022 0.326441;
0.464029 0.283022 0.326441;
0.466843 0.283022 0.326441;
0.469378 0.276513 0.41973;
0.475947 0.270658 0.446896;
0.483459 0.264651 0.429832;
0.493028 0.260431 0.474981;
0.501641 0.25775 0.497639;
0.509393 0.255341 0.440397;
0.495472 0.259597 0.405508;
0.465015 0.273986 0.387902;
0.428582 0.293099 0.37207;
0.395823 0.310302 0.372863;
0.361354 0.325785 0.394799;
0.329043 0.339719 0.405428;
0.296103 0.352261 0.364425;
0.271874 0.364007 0.345158;
0.25258 0.374348 0.311344;
0.235325 0.383652 0.268173;
0.225476 0.392004 0.234552;
0.22084 0.394274 0.259156;
0.2325 0.391884 0.252746;
0.258258 0.389731 0.254374;
0.282149 0.387792 0.223424;
0.303615 0.381886 0.218194;
0.322151 0.371541 0.229241;
0.332911 0.367852 0.234261;
0.327467 0.37377 0.231915;
0.312377 0.38037 0.24801;
0.298612 0.383446 0.211235;
0.298612 0.386228 0.188577;
0.298612 0.386228 0.188577;
0.298612 0.386228 0.188577;
0.286494 0.386228 0.188577;
0.294937 0.388715 0.179813;
0.320865 0.384078 0.159076;
0.344169 0.378989 0.218842;
0.365121 0.374404 0.196315;
0.381273 0.370276 0.207135;
0.390402 0.362929 0.190988;
0.395389 0.351231 0.235363;
0.390801 0.340413 0.276862;
0.392498 0.330675 0.2553;
0.392189 0.323113 0.267789;
0.391919 0.316307 0.30748;
0.391685 0.308851 0.330578;
0.395899 0.301211 0.338493;
0.401708 0.290828 0.339017;
0.406938 0.280748 0.322329;
0.411648 0.271678 0.301447;
0.412538 0.263517 0.299549;
0.413344 0.263827 0.308092;
0.406288 0.276315 0.264907;
0.392147 0.294731 0.271268;
0.372036 0.316188 0.318446;
0.350725 0.341865 0.34307;
0.331596 0.366522 0.323608;
0.314434 0.382343 0.302077;
0.311265 0.39658 0.308636;
0.324119 0.402895 0.312107;
0.335681 0.392707 0.311886;
0.348407 0.381894 0.304469;
0.362707 0.372162 0.31681;
0.372153 0.360142 0.335063;
0.379297 0.349324 0.408407;
0.385728 0.341303 0.427289;
0.39437 0.334083 0.40715;
0.406869 0.325042 0.387279;
0.41752 0.315242 0.409354;
0.427105 0.304232 0.398965;
0.435731 0.294007 0.397575;
0.439174 0.284806 0.421404;
0.434471 0.276527 0.341992;
0.4245 0.269909 0.307498;
0.41506 0.263956 0.299912;
0.406577 0.264423 0.269944;
0.398956 0.268401 0.28455;
0.392112 0.267762 0.289165;
0.386305 0.267189 0.264451;
0.381093 0.269501 0.263784;
0.378863 0.271584 0.266507;
0.3774 0.27215 0.27823;
0.381772 0.271883 0.274047;
0.391775 0.271645 0.262095;
0.400776 0.269707 0.277378;
0.405284 0.265497 0.286609;
0.409344 0.261348 0.281003;
0.421584 0.258382 0.219861;
0.439658 0.254949 0.226468;
0.447987 0.250988 0.199789;
0.455483 0.2483 0.19687;
0.457892 0.250481 0.187764;
0.453581 0.250653 0.238181;
0.438689 0.247346 0.202515;
0.419153 0.250366 0.255542;
0.399914 0.257726 0.254417;
0.390445 0.266306 0.244385;
0.38686 0.271463 0.20394;
0.385339 0.276107 0.212487;
0.397952 0.280287 0.170306;
0.4093 0.279098 0.185333;
0.419511 0.278029 0.209807;
0.432604 0.276639 0.153827;
0.444386 0.272328 0.148079;
0.459095 0.266544 0.161176;
0.468205 0.260928 0.126301;
0.476404 0.25836 0.128095;
0.483784 0.255989 0.136182;
0.485096 0.253858 0.213974;
0.48199 0.254821 0.240537;
0.468313 0.257573 0.245169;
0.446131 0.278531 0.256338;
0.423452 0.305173 0.218046;
0.402328 0.329152 0.23173;
0.381864 0.350734 0.277806;
0.363479 0.366663 0.394213;
0.346971 0.372934 0.541595;
0.333539 0.374595 0.521752;
0.331841 0.372208 0.527502;
0.343175 0.365358 0.529625;
0.35539 0.352452 0.561358;
0.36638 0.33941 0.505257;
0.376268 0.327672 0.468686;
0.375781 0.318536 0.402038;
0.36679 0.312121 0.337126;
0.355281 0.312145 0.28452;
0.344687 0.318085 0.257389;
0.332882 0.32513 0.250035;
0.322296 0.33147 0.22058;
0.313304 0.337642 0.200355;
0.307284 0.344051 0.203279;
0.304751 0.35134 0.200075;
0.30306 0.357899 0.210219;
0.301564 0.365586 0.226949;
0.297399 0.373205 0.197318;
0.284689 0.38006 0.199186;
0.262851 0.385286 0.21959;
0.243301 0.389347 0.229439;
0.225817 0.393 0.229051;
0.217889 0.395234 0.258688;
0.211218 0.395371 0.225807;
0.206599 0.39649 0.200969;
0.208521 0.395493 0.20167;
0.213496 0.392372 0.269016;
0.217417 0.387966 0.265278;
0.223274 0.385696 0.289119;
0.231755 0.381955 0.276034;
0.24293 0.374066 0.230044;
0.253342 0.361094 0.188127;
0.262714 0.345117 0.169362;
0.271151 0.330258 0.172721;
0.280214 0.316886 0.155825;
0.288374 0.304852 0.114765;
0.297816 0.296762 0.181919;
0.312141 0.289482 0.136157;
0.331061 0.282932 0.154611;
0.348073 0.277333 0.169874;
0.36538 0.270664 0.238708;
0.386359 0.263329 0.218834;
0.405102 0.25673 0.226724;
0.405102 0.251051 0.275321;
0.421963 0.251051 0.275321;
0.44281 0.245942 0.406011;
0.463103 0.239186 0.38149;
0.481364 0.228881 0.500713;
0.497297 0.219206 0.510699;
0.5133 0.210503 0.557879;
0.522969 0.202675 0.582447;
0.525058 0.198977 0.617191;
0.523665 0.196949 0.589118;
0.522412 0.196102 0.545046;
0.521284 0.198311 0.542655;
0.516079 0.200748 0.4869;
0.506934 0.199977 0.47724;
0.496444 0.199288 0.49532;
0.487005 0.198237 0.494252;
0.480438 0.19515 0.489606;
0.474531 0.192377 0.47715;
0.471453 0.189886 0.468519;
0.473012 0.188708 0.451469;
0.478685 0.187652 0.411144;
0.487501 0.186217 0.44242;
0.500477 0.183607 0.455089;
0.51563 0.181244 0.395192;
0.529269 0.177702 0.423378;
0.5414 0.17331 0.467491;
0.552318 0.170095 0.415019;
0.561617 0.168308 0.392647;
0.569985 0.168495 0.423437;
0.577516 0.168668 0.446201;
0.586076 0.169316 0.474089;
0.599447 0.170816 0.508208;
0.616809 0.172203 0.491911;
0.634003 0.173457 0.452409;
0.64947 0.174589 0.37306;
0.663382 0.176866 0.370683;
0.67075 0.17892 0.339844;
0.670099 0.177903 0.329573;
0.659979 0.176564 0.336122;
0.64243 0.178876 0.363759;
0.626637 0.180702 0.318338;
0.612424 0.178894 0.324296;
0.601593 0.177273 0.330148;
0.591844 0.177313 0.356889;
0.58238 0.179475 0.303515;
0.573418 0.181425 0.365211;
0.553374 0.184848 0.355492;
0.507652 0.204249 0.344036;
0.453007 0.247009 0.321171;
0.402251 0.29166 0.349347;
0.350296 0.336468 0.366432;
0.307197 0.389984 0.318406;
0.276458 0.442608 0.260846;
0.249043 0.479214 0.220803;
0.222901 0.505855 0.204475;
0.20195 0.529819 0.179962;
0.185712 0.550813 0.197326;
0.175791 0.553582 0.167413;
0.167572 0.539196 0.185754;
0.16231 0.526247 0.241194;
0.165581 0.514589 0.279852;
0.169158 0.506329 0.277714;
0.172423 0.512539 0.279867;
0.175408 0.51812 0.259515;
0.183314 0.523135 0.222783;
0.190865 0.519925 0.201213;
0.197682 0.507621 0.214867;
0.20384 0.494093 0.258682;
0.207016 0.479822 0.26929;
0.208784 0.470152 0.245899;
0.210415 0.463542 0.216158;
0.211924 0.460379 0.217953;
0.21434 0.45474 0.2742;
0.220971 0.447565 0.294185;
0.233247 0.440565 0.255008;
0.248109 0.42915 0.234291;
0.268327 0.415348 0.306353;
0.295792 0.399543 0.350117;
0.327117 0.380759 0.328497;
0.360549 0.360815 0.352585;
0.398997 0.339307 0.365246;
0.436166 0.319949 0.340168;
0.469608 0.300012 0.336744;
0.495246 0.28167 0.309359;
0.51832 0.262331 0.295327;
0.537478 0.247762 0.275825;
0.550356 0.233786 0.26167;
0.560414 0.219103 0.252006;
0.566625 0.205893 0.338319;
0.572214 0.196439 0.44416;
0.566273 0.188883 0.401659;
0.549145 0.185311 0.363572;
0.531199 0.18874 0.382777;
0.515049 0.204938 0.408571;
0.500515 0.220729 0.390462;
0.491914 0.237093 0.455996;
0.493015 0.25296 0.499272;
0.49658 0.269713 0.49868;
0.500807 0.281035 0.478994;
0.505053 0.286228 0.486701;
0.505053 0.290903 0.528546;
0.508876 0.290903 0.528546;
0.508876 0.298088 0.519059;
0.508876 0.298088 0.519059;
0.5113 0.298088 0.519059;
0.50962 0.308417 0.588817;
0.506378 0.310043 0.570509;
0.503461 0.305304 0.574583;
0.498295 0.30104 0.568137;
0.493648 0.298207 0.570025;
0.489467 0.295658 0.552837;
0.47289 0.293365 0.496055;
0.451023 0.296042 0.494948;
0.431355 0.306344 0.561177;
0.413027 0.315616 0.529638;
0.40246 0.323961 0.485328;
0.39522 0.327806 0.471728;
0.393915 0.323416 0.511811;
0.402453 0.316558 0.463315;
0.413676 0.307917 0.427388;
0.426162 0.29897 0.387923;
0.439333 0.29086 0.385856;
0.454226 0.2825 0.338912;
0.464392 0.27262 0.333314;
0.473541 0.261152 0.287459;
0.485014 0.25012 0.298389;
0.498779 0.239395 0.310656;
0.514652 0.229211 0.269229;
0.534151 0.220089 0.299214;
0.5517 0.211883 0.318757;
0.567494 0.204503 0.338874;
0.576063 0.197865 0.398325;
0.580996 0.193756 0.371737;
0.585435 0.192695 0.348779;
0.587361 0.191745 0.336811;
0.595837 0.189416 0.336873;
0.603475 0.188 0.358294;
0.603475 0.18826 0.423803;
0.610336 0.18826 0.423803;
0.609476 0.188536 0.493073;
0.603739 0.195969 0.547084;
0.598574 0.209744 0.63002;
0.593926 0.222143 0.666756;
0.589741 0.233304 0.677365;
0.585974 0.23879 0.633976;
0.590245 0.238333 0.599466;
0.602221 0.236446 0.603961;
0.602221 0.234393 0.528398;
0.602221 0.234393 0.528398;
0.612997 0.234393 0.528398;
0.626512 0.232548 0.50366;
0.638728 0.229907 0.450787;
0.649717 0.226757 0.404555;
0.6596 0.223924 0.418287;
0.665121 0.219597 0.430259;
0.667259 0.213679 0.394065;
0.660908 0.207077 0.394439;
0.648072 0.202419 0.427936;
0.637005 0.198634 0.397028;
0.633085 0.195232 0.380981;
0.629556 0.192606 0.390998;
0.625484 0.190246 0.418528;
0.624481 0.188127 0.398731;
0.623577 0.186663 0.408967;
0.625827 0.18535 0.450101;
0.624999 0.182252 0.455877;
0.62395 0.178496 0.424882;
0.623005 0.176176 0.395932;
0.625355 0.174093 0.39425;
0.627468 0.170224 0.370095;
0.626163 0.166748 0.344836;
0.628077 0.165626 0.325359;
0.631344 0.16372 0.367156;
0.634281 0.160574 0.463199;
0.63801 0.157749 0.593823;
0.645683 0.158272 0.637938;
0.656021 0.15794 0.652272;
0.665318 0.157646 0.683764;
0.670239 0.160259 0.764885;
0.67419 0.165567 0.787637;
0.67622 0.172176 0.757966;
0.666048 0.180804 0.664562;
0.648102 0.191705 0.573398;
0.627983 0.205572 0.564761;
0.6025 0.219082 0.600675;
0.571755 0.231243 0.613765;
0.544084 0.242189 0.620911;
0.526995 0.248369 0.626308;
0.522108 0.252056 0.550591;
0.527809 0.25367 0.625033;
0.532939 0.253181 0.682044;
0.542756 0.249175 0.629383;
0.552869 0.242898 0.643072;
0.565368 0.237252 0.625315;
0.573219 0.231652 0.602536;
0.574995 0.22596 0.563765;
0.585493 0.219643 0.583172;
0.590459 0.21396 0.554272;
0.58528 0.208519 0.540672;
0.58528 0.203626 0.522289;
0.58528 0.203626 0.522289;
0.578771 0.203626 0.522289;
0.569245 0.199448 0.515844;
0.560252 0.200423 0.56242;
0.544582 0.206915 0.552228;
0.522192 0.213629 0.555073;
0.502043 0.223346 0.594687;
0.465086 0.24149 0.668809;
0.424065 0.27574 0.728569;
0.387178 0.329112 0.657251;
0.354028 0.377146 0.65943;
0.330877 0.420374 0.651521;
0.310097 0.449656 0.65226;
0.310097 0.463977 0.686822;
0.310097 0.463977 0.686822;
0.291457 0.463977 0.686822;
0.277778 0.47686 0.738233;
0.265527 0.483643 0.687811;
0.254565 0.493623 0.653687;
0.243465 0.502598 0.67427;
0.235962 0.510669 0.647808;
0.229272 0.516362 0.628286;
0.218817 0.521479 0.617025;
0.20949 0.524896 0.59472;
0.200118 0.521732 0.526647;
0.191447 0.519349 0.451545;
0.183734 0.517199 0.427921;
0.1832 0.509052 0.457755;
0.189413 0.501172 0.482424;
0.197943 0.490232 0.478252;
0.205633 0.480383 0.493738;
0.21257 0.471516 0.633035;
0.222108 0.459627 0.71313;
0.223603 0.448038 0.783677;
0.223456 0.438517 0.803209;
0.219003 0.437185 0.765343;
0.215054 0.437303 0.705982;
0.210268 0.439034 0.643742;
0.203178 0.446384 0.605513;
0.196874 0.452995 0.564906;
0.191276 0.458941 0.540514;
0.185461 0.464288 0.529488;
0.182427 0.469096 0.495854;
0.184929 0.466981 0.469525;
0.187224 0.461265 0.395939;
0.184599 0.456553 0.313016;
0.180192 0.460683 0.316753;
0.181963 0.459308 0.30534;
0.182127 0.453366 0.355696;
0.177652 0.452718 0.353104;
0.172266 0.453893 0.384587;
0.17217 0.46004 0.414825;
0.178969 0.464544 0.390224;
0.178293 0.468594 0.402427;
0.173094 0.475379 0.380054;
0.163405 0.483569 0.390111;
0.150593 0.489473 0.464441;
0.139202 0.494781 0.4964;
0.129089 0.501237 0.503964;
0.119793 0.50704 0.538994;
0.111569 0.514483 0.584773;
0.112465 0.51971 0.53867;
0.120318 0.524141 0.583355;
0.127422 0.519762 0.5898;
0.125616 0.506743 0.576383;
0.127769 0.495024 0.564954;
0.13243 0.484474 0.613915;
0.134328 0.472586 0.599483;
0.136101 0.463334 0.538383;
0.137762 0.455004 0.524874;
0.145476 0.447505 0.553721;
0.157657 0.432959 0.525931;
0.170792 0.415507 0.457237;
0.185919 0.39816 0.391411;
0.19952 0.382546 0.356306;
0.215305 0.369315 0.396758;
0.239285 0.358578 0.473028;
0.26478 0.350554 0.516705;
0.287688 0.341692 0.546646;
0.308127 0.333367 0.600178;
0.321989 0.327314 0.608812;
0.334006 0.324772 0.60727;
0.339722 0.321779 0.700415;
0.339022 0.31671 0.751818;
0.332616 0.314524 0.735648;
0.326876 0.313264 0.712467;
