0.648319 0.343494 0.684941;
0.648576 0.342844 0.668128;
0.648576 0.342258 0.612386;
0.648798 0.342258 0.612386;
0.648989 0.340144 0.560624;
0.646767 0.338241 0.644265;
0.640074 0.342231 0.69294;
0.634049 0.340638 0.65523;
0.628623 0.336357 0.623052;
0.628623 0.332503 0.546053;
0.626818 0.332503 0.546053;
0.626818 0.326591 0.551564;
0.626818 0.326591 0.551564;
0.63446 0.326591 0.551564;
0.63446 0.32066 0.52697;
0.645126 0.32066 0.52697;
0.655616 0.315323 0.567069;
0.655616 0.310522 0.520096;
0.668384 0.310522 0.520096;
0.668384 0.310619 0.542484;
0.676495 0.310619 0.542484;
0.679743 0.310708 0.493913;
0.673679 0.310791 0.448154;
0.673679 0.310131 0.387354;
0.659205 0.310131 0.387354;
0.659205 0.309539 0.378805;
0.659205 0.309539 0.378805;
0.646183 0.309539 0.378805;
0.646183 0.309008 0.439425;
0.646183 0.309008 0.439425;
0.634466 0.309008 0.439425;
0.634466 0.306841 0.383877;
0.634466 0.306841 0.383877;
0.626254 0.306841 0.383877;
0.61889 0.304153 0.384944;
0.612261 0.301736 0.337646;
0.610576 0.299564 0.372157;
0.613078 0.296339 0.392629;
0.613078 0.293075 0.377601;
0.615325 0.293075 0.377601;
0.615325 0.289688 0.341629;
0.615551 0.289688 0.341629;
0.615551 0.286644 0.302942;
0.621468 0.286644 0.302942;
0.630047 0.284364 0.288793;
0.630047 0.282616 0.266687;
0.630047 0.282616 0.266687;
0.637756 0.282616 0.266687;
0.641329 0.283134 0.223115;
0.641329 0.285498 0.241277;
0.641329 0.285498 0.241277;
0.638808 0.285498 0.241277;
0.633514 0.288566 0.255732;
0.633514 0.291676 0.245868;
0.617438 0.291676 0.245868;
0.617438 0.294479 0.307167;
0.617438 0.294479 0.307167;
0.594463 0.294479 0.307167;
0.594463 0.297654 0.373895;
0.570403 0.297654 0.373895;
0.548748 0.300514 0.316789;
0.529259 0.302442 0.302104;
0.517211 0.303057 0.289987;
0.517211 0.304129 0.282638;
0.513167 0.304129 0.282638;
0.513167 0.306243 0.241223;
0.513167 0.306243 0.241223;
0.513167 0.306243 0.241223;
0.515297 0.306243 0.241223;
0.515297 0.308148 0.323167;
0.515297 0.308148 0.323167;
0.528547 0.308148 0.323167;
0.555472 0.309865 0.356049;
0.555472 0.315628 0.269662;
0.555472 0.315628 0.269662;
0.590311 0.315628 0.269662;
0.590311 0.325313 0.238288;
0.590311 0.325313 0.238288;
0.590311 0.325313 0.238288;
0.590311 0.325313 0.238288;
0.625054 0.325313 0.238288;
0.625054 0.335296 0.328339;
0.625054 0.335296 0.328339;
0.656293 0.335296 0.328339;
0.656293 0.344281 0.282856;
0.680321 0.344281 0.282856;
0.680321 0.352367 0.256987;
0.696036 0.352367 0.256987;
0.699727 0.359642 0.267984;
0.699727 0.365316 0.240844;
0.699727 0.365316 0.240844;
0.682463 0.365316 0.240844;
0.682463 0.368027 0.247327;
0.682463 0.368027 0.247327;
0.657992 0.368027 0.247327;
0.630365 0.368158 0.231926;
0.605507 0.367759 0.293815;
0.580843 0.366043 0.287115;
0.558645 0.362741 0.246578;
0.538666 0.359767 0.274372;
0.517858 0.356922 0.228339;
0.493814 0.354211 0.211956;
0.468549 0.351542 0.233577;
0.468549 0.348927 0.189561;
0.443957 0.348927 0.189561;
0.443957 0.346929 0.184322;
0.414688 0.346929 0.184322;
0.387487 0.34513 0.129538;
0.387487 0.34351 0.107737;
0.363107 0.34351 0.107737;
0.363107 0.342051 0.0856885;
0.363107 0.342051 0.0856885;
0.341285 0.342051 0.0856885;
0.331046 0.337904 0.111073;
0.331046 0.337299 0.0918399;
0.331046 0.337299 0.0918399;
0.324934 0.337299 0.0918399;
0.324536 0.337013 0.124904;
0.331641 0.336419 0.140878;
0.331641 0.335885 0.121644;
0.331641 0.335885 0.121644;
0.338012 0.335885 0.121644;
0.338012 0.336279 0.107961;
0.338012 0.336279 0.107961;
0.343757 0.336279 0.107961;
0.348941 0.338307 0.111328;
0.355033 0.341679 0.0863214;
0.36261 0.344713 0.0690869;
0.367349 0.347646 0.154541;
0.371091 0.349902 0.342098;
0.371091 0.351472 0.489677;
0.372441 0.351472 0.489677;
0.372441 0.351571 0.543418;
0.373677 0.351571 0.543418;
0.37283 0.351658 0.558812;
0.363145 0.352194 0.585261;
0.363145 0.353164 0.585708;
0.363145 0.353164 0.585708;
0.343796 0.353164 0.585708;
0.343796 0.357591 0.627073;
0.322748 0.357591 0.627073;
0.322748 0.362002 0.606045;
0.30396 0.362002 0.606045;
0.289048 0.365969 0.6522;
0.289048 0.367991 0.682099;
0.27579 0.367991 0.682099;
0.268627 0.369807 0.707037;
0.266623 0.371093 0.613146;
0.266623 0.371293 0.588443;
0.266623 0.371293 0.588443;
0.274118 0.371293 0.588443;
0.274118 0.370277 0.628087;
0.274118 0.370277 0.628087;
0.274118 0.370277 0.628087;
0.288104 0.370277 0.628087;
0.303898 0.367526 0.63009;
0.323949 0.365047 0.593754;
0.323949 0.362814 0.55458;
0.349885 0.362814 0.55458;
0.349885 0.359782 0.554445;
0.382949 0.359782 0.554445;
0.414758 0.35705 0.531166;
0.443353 0.35227 0.569287;
0.464588 0.347209 0.493377;
0.481584 0.34218 0.437182;
0.494792 0.337653 0.403382;
0.49621 0.334522 0.405839;
0.497488 0.332179 0.357863;
0.500482 0.33007 0.276928;
0.499141 0.327697 0.269048;
0.504922 0.324467 0.259924;
0.510588 0.320419 0.276979;
0.515689 0.316482 0.303648;
0.519398 0.312121 0.264489;
0.515296 0.308198 0.257098;
0.50486 0.305492 0.22218;
0.494972 0.304562 0.238487;
0.48608 0.308456 0.278911;
0.48608 0.32162 0.280595;
0.48608 0.32162 0.280595;
0.478587 0.32162 0.280595;
0.474371 0.335587 0.255464;
0.484363 0.348156 0.288817;
0.488627 0.362195 0.361277;
0.491803 0.363305 0.343254;
0.482938 0.363501 0.353497;
0.482938 0.362694 0.317943;
0.472368 0.362694 0.317943;
0.462869 0.361965 0.330322;
0.454333 0.360617 0.334723;
0.450967 0.359894 0.305959;
0.452467 0.356874 0.274419;
0.452467 0.353077 0.316434;
0.462438 0.353077 0.316434;
0.462438 0.349657 0.348278;
0.462438 0.349657 0.348278;
0.479254 0.349657 0.348278;
0.496977 0.348672 0.362021;
0.523585 0.350159 0.327699;
0.551258 0.350553 0.354007;
0.576164 0.350906 0.301016;
0.598575 0.351223 0.267216;
0.6138 0.347064 0.303955;
0.6138 0.342206 0.267871;
0.627492 0.342206 0.267871;
0.639802 0.336689 0.283211;
0.648 0.331279 0.325039;
0.655337 0.327013 0.271941;
0.655337 0.324293 0.281821;
0.655337 0.324293 0.281821;
0.661926 0.324293 0.281821;
0.661926 0.321845 0.235253;
0.661926 0.321845 0.235253;
0.663465 0.321845 0.235253;
0.661348 0.318919 0.288627;
0.652004 0.316287 0.368792;
0.646157 0.313574 0.345407;
0.640892 0.311134 0.362447;
0.640892 0.308939 0.387763;
0.634773 0.308939 0.387763;
0.634773 0.30807 0.370899;
0.631762 0.30807 0.370899;
0.629048 0.309757 0.447251;
0.626601 0.313667 0.410352;
0.610587 0.319156 0.387168;
0.58579 0.326556 0.357751;
0.56256 0.335291 0.305909;
0.538965 0.342537 0.355866;
0.515809 0.347468 0.314556;
0.491 0.351904 0.262925;
0.468687 0.354398 0.209643;
0.450551 0.353331 0.169337;
0.436658 0.351334 0.139285;
0.433632 0.347296 0.166019;
0.430923 0.341948 0.151196;
0.428498 0.337134 0.14812;
0.424393 0.332219 0.104915;
0.424393 0.328378 0.0927178;
0.424393 0.328378 0.0927178;
0.417488 0.328378 0.0927178;
0.410066 0.325114 0.0903196;
0.400993 0.323391 0.144629;
0.391271 0.324874 0.107858;
0.382561 0.327163 0.121137;
0.374766 0.329223 0.112513;
0.367794 0.331225 0.123897;
0.362128 0.331797 0.130911;
0.358642 0.332313 0.146462;
0.36132 0.332309 0.146881;
0.366797 0.33088 0.121181;
0.374938 0.329594 0.136913;
0.388642 0.32791 0.153965;
0.402476 0.325127 0.231453;
0.416021 0.322622 0.219003;
0.425916 0.320446 0.167204;
0.434819 0.319758 0.126297;
0.437905 0.320371 0.16485;
0.433381 0.321754 0.151141;
0.422596 0.323114 0.216895;
0.403967 0.325188 0.207692;
0.385751 0.32992 0.220748;
0.369422 0.336542 0.205673;
0.357886 0.343566 0.14674;
0.357886 0.349886 0.129966;
0.344038 0.349886 0.129966;
0.344038 0.355573 0.173741;
0.337311 0.355573 0.173741;
0.340815 0.357206 0.171602;
0.350006 0.358675 0.174064;
0.367679 0.359456 0.141357;
0.396212 0.357876 0.100129;
0.427024 0.353309 0.125386;
0.427024 0.347307 0.10887;
0.458038 0.347307 0.10887;
0.458038 0.341254 0.0869773;
0.487759 0.341254 0.0869773;
0.514505 0.335123 0.151793;
0.535263 0.329621 0.164281;
0.535135 0.32599 0.227002;
0.516536 0.32575 0.228278;
0.490767 0.331069 0.17848;
0.461508 0.337777 0.202564;
0.435205 0.344232 0.15733;
0.421603 0.35005 0.144159;
0.419989 0.355284 0.118415;
0.412915 0.359994 0.141335;
0.412915 0.36423 0.103811;
0.412915 0.36423 0.103811;
0.406573 0.36423 0.103811;
0.400892 0.366266 0.114561;
0.383215 0.366335 0.117383;
0.367369 0.36566 0.0832998 ;
0.35318 0.36393 0.0998841;
0.343842 0.36055 0.100495;
0.353877 0.354464 0.110497;
0.365475 0.344912 0.130086;
0.37874 0.336314 0.1476;
0.396079 0.328575 0.169974;
0.411668 0.32187 0.258122;
0.425688 0.318661 0.281683;
0.434062 0.316165 0.273153;
0.441599 0.314052 0.263033;
0.449319 0.313092 0.226156;
0.450651 0.311155 0.27154;
0.451856 0.309414 0.318218;
0.452947 0.307108 0.265515;
0.452947 0.304003 0.231504;
0.456234 0.304003 0.231504;
0.466305 0.30121 0.298061;
0.466305 0.298699 0.31841;
0.485142 0.298699 0.31841;
0.502094 0.297818 0.253251;
0.51735 0.299707 0.244314;
0.529341 0.302508 0.19673;
0.529341 0.305031 0.23001;
0.529341 0.305031 0.23001;
0.543201 0.305031 0.23001;
0.543837 0.307485 0.206471;
0.532832 0.309564 0.163891;
0.526636 0.31092 0.147126;
0.525635 0.311531 0.11623;
0.520159 0.309115 0.101918;
0.509442 0.306943 0.0960194;
0.509442 0.304991 0.100281;
0.509442 0.304991 0.100281;
0.495199 0.304991 0.100281;
0.480878 0.305691 0.0942809;
0.468 0.31315 0.073427;
0.455712 0.321018 0.142207;
0.444971 0.3281 0.161065;
0.435464 0.334474 0.148926;
0.427831 0.338739 0.149078;
0.420956 0.341434 0.113524;
0.413886 0.343859 0.101695;
0.407547 0.346041 0.114369;
0.400618 0.349641 0.0715995;
0.387654 0.354864 0.0776665;
0.369875 0.359562 0.062409;
0.353946 0.36379 0.0480475;
0.339689 0.367628 0.0352558;
0.326942 0.37108 0.0238667;
0.307493 0.374484 0.0245108;
0.290131 0.379665 0.0307691;
0.278085 0.384325 0.0205666;
0.268107 0.388515 0.0425976;
0.271523 0.39201 0.0540663;
0.277217 0.388989 0.0399966;
0.291403 0.386267 0.0420153;
0.304148 0.383813 0.0132325;
0.306579 0.382021 0.00223205;
0.308535 0.384591 0.0587013;
0.307061 0.3869 0.111365;
0.303901 0.388974 0.0859748;
0.301117 0.389899 0.0763237;
0.301117 0.386288 0.0835913;
0.298672 0.386288 0.0835913;
0.302251 0.380974 0.112215;
0.302251 0.375631 0.112426;
0.302251 0.375631 0.112426;
0.315031 0.375631 0.112426;
0.327438 0.370585 0.0898221;
0.338593 0.366276 0.152322;
0.349873 0.36304 0.126302;
0.360018 0.361177 0.104874;
0.360018 0.35894 0.120617;
0.369187 0.35894 0.120617;
0.37794 0.356087 0.144843;
0.37794 0.353519 0.231863;
0.37794 0.353519 0.231863;
0.387699 0.353519 0.231863;
0.387699 0.349044 0.36271;
0.397996 0.349044 0.36271;
0.397996 0.345015 0.420027;
0.397996 0.345015 0.420027;
0.422755 0.345015 0.420027;
0.422755 0.341389 0.392477;
0.460961 0.341389 0.392477;
0.498352 0.343705 0.399231;
0.532002 0.345789 0.37532;
0.559265 0.347664 0.341797;
0.559265 0.348276 0.330576;
0.559265 0.348276 0.330576;
0.57413 0.348276 0.330576;
0.57226 0.338818 0.361641;
0.566009 0.328967 0.36331;
0.556278 0.320102 0.358152;
0.546397 0.312124 0.2819;
0.537505 0.309571 0.311091;
0.527599 0.309276 0.363467;
0.5185 0.309012 0.390406;
0.510889 0.310622 0.383709;
0.510889 0.312589 0.336192;
0.510889 0.312589 0.336192;
0.506176 0.312589 0.336192;
0.501938 0.312511 0.305175;
0.495991 0.309864 0.287911;
0.492097 0.306311 0.267903;
0.491691 0.305695 0.314;
0.492998 0.305143 0.30361;
0.503963 0.303026 0.252371;
0.503963 0.300894 0.23575;
0.503963 0.300894 0.23575;
0.519511 0.300894 0.23575;
0.533504 0.30102 0.257175;
0.547349 0.301977 0.257825;
0.556401 0.302841 0.227727;
0.562732 0.302773 0.188015;
0.564288 0.30244 0.23446;
0.562937 0.302143 0.20929;
0.562937 0.301287 0.171006;
0.562937 0.301287 0.171006;
0.5653 0.301287 0.171006;
0.567425 0.299944 0.21655;
0.570801 0.297766 0.276681;
0.578155 0.294658 0.309208;
0.586166 0.2913 0.355317;
0.595725 0.288844 0.358207;
0.606508 0.286638 0.336695;
0.606508 0.286842 0.466504;
0.606508 0.286842 0.466504;
0.61872 0.286842 0.466504;
0.61872 0.291513 0.465481;
0.61872 0.291513 0.465481;
0.631161 0.291513 0.465481;
0.642347 0.299282 0.44115;
0.652208 0.311696 0.38353;
0.659752 0.321376 0.341604;
0.666527 0.322587 0.314341;
0.669111 0.320935 0.326363;
0.671424 0.314458 0.304192;
0.673495 0.307992 0.223873;
0.67216 0.302121 0.19818;
0.667123 0.29684 0.130778;
0.656473 0.292558 0.134365;
0.641528 0.291734 0.149674;
0.624242 0.29487 0.132498;
0.600822 0.299831 0.12159;
0.575368 0.304298 0.137398;
0.550577 0.310143 0.165356;
0.528266 0.315992 0.124482;
0.509157 0.320673 0.0849798;
0.493807 0.322948 0.0430134;
0.494859 0.32228 0.0678765;
0.509167 0.321541 0.0797939;
0.522045 0.31928 0.0564702;
0.533635 0.316798 0.102042;
0.540913 0.314565 0.0935919;
0.547463 0.313005 0.088471;
0.553358 0.31315 0.0671208;
0.568292 0.314082 0.0326902;
0.587512 0.320725 0.0100763;
0.604807 0.332907 0.0118051;
0.604807 0.337665 0;
0.628339 0.337665 0;
0.649502 0.336133 0.0922818;
0.665944 0.336907 0.0994055;
0.674298 0.33811 0.091906;
0.679332 0.335849 0.0436132;
0.671861 0.333813 0.0521359;
0.647827 0.331981 0.113173;
0.626204 0.330333 0.111828;
0.606746 0.326393 0.0958742;
0.593173 0.320463 0.101993;
0.58365 0.314098 0.0900884;
0.579113 0.308371 0.0906476;
0.575905 0.304186 0.144239;
0.57416 0.300941 0.137957;
0.572588 0.298172 0.124047;
0.569316 0.298606 0.131342;
0.552504 0.301641 0.132328;
0.520974 0.306963 0.156714;
0.492602 0.315624 0.131192;
0.46708 0.32342 0.102058;
0.445948 0.330437 0.0837618;
0.437341 0.335534 0.128309;
0.437341 0.339433 0.11541;
0.437341 0.339433 0.11541;
0.42961 0.339433 0.11541;
0.422671 0.342942 0.1408;
0.415743 0.344683 0.131914;
0.402401 0.346249 0.114721;
0.387044 0.348749 0.0963897;
0.36448 0.352418 0.0778025;
0.339778 0.354298 0.0315819;
0.31766 0.354754 0.0472281;
0.297881 0.355853 0.0278914;
0.294244 0.358024 0.0467905;
0.301107 0.359977 0.0594568;
0.307296 0.361732 0.0686565;
0.31288 0.364144 0.0749021;
0.315161 0.369839 0.0334835;
0.311186 0.378004 0.059231;
0.300419 0.385349 0.142359;
0.289625 0.390406 0.159216;
0.279703 0.391921 0.174208;
0.270877 0.392816 0.170236;
0.26304 0.391661 0.185475;
0.255358 0.389976 0.213306;
0.255358 0.387757 0.267212;
0.255358 0.387757 0.267212;
0.249501 0.387757 0.267212;
0.244334 0.385281 0.269944;
0.251877 0.379781 0.238598;
0.278572 0.370044 0.201442;
0.312877 0.359764 0.200226;
0.343665 0.350509 0.192423;
0.374826 0.342462 0.224284;
0.410072 0.335219 0.277159;
0.449214 0.333526 0.339407;
0.480138 0.333585 0.398944;
0.507965 0.337326 0.427892;
0.507965 0.342244 0.545832;
0.507965 0.342244 0.545832;
0.537301 0.342244 0.545832;
0.565463 0.347308 0.690332;
0.586389 0.351865 0.620369;
0.586389 0.357791 0.531194;
0.586389 0.357791 0.531194;
0.586389 0.357791 0.531194;
0.586389 0.357791 0.531194;
0.600922 0.357791 0.531194;
0.600922 0.363879 0.650265;
0.600922 0.363879 0.650265;
0.615668 0.363879 0.650265;
0.628931 0.37323 0.718048;
0.638193 0.381643 0.783261;
0.631151 0.38919 0.870852;
0.631151 0.390741 0.97635;
0.631151 0.390741 0.97635;
0.624166 0.390741 0.97635;
0.611295 0.389448 0.871824;
0.599711 0.386701 0.88268;
0.595369 0.381491 0.893416;
0.593067 0.372364 0.85782;
0.590994 0.362155 0.817188;
0.587517 0.352965 0.74938;
0.581043 0.345896 0.706337;
0.56808 0.339533 0.783945;
0.556413 0.335321 0.840889;
0.545913 0.33153 0.863883;
0.543376 0.328118 0.815393;
0.543376 0.325048 0.8097;
0.565047 0.325048 0.8097;
0.565047 0.323492 0.800335;
0.601863 0.323492 0.800335;
0.638064 0.321428 0.8599;
0.670617 0.319537 0.786971;
0.695943 0.320641 0.753387;
0.709585 0.325448 0.701125;
0.717632 0.328537 0.592978;
0.719173 0.325929 0.499167;
0.714936 0.323363 0.41279;
0.711116 0.319108 0.380466;
0.711116 0.312815 0.407695;
0.711116 0.312815 0.407695;
0.710244 0.312815 0.407695;
0.707684 0.302616 0.435903;
0.705371 0.293438 0.455154;
0.708571 0.285181 0.583469;
0.722556 0.280264 0.622336;
0.742134 0.283292 0.639637;
0.759682 0.286021 0.581335;
0.775397 0.288868 0.574558;
0.775397 0.295233 0.598366;
0.775397 0.295233 0.598366;
0.784783 0.295233 0.598366;
0.784783 0.302927 0.513615;
0.793163 0.302927 0.513615;
0.797114 0.309398 0.515461;
0.799902 0.315223 0.565722;
0.79581 0.322752 0.467839;
0.79581 0.329527 0.456827;
0.791772 0.329527 0.456827;
0.791772 0.335623 0.389971;
0.791772 0.335623 0.389971;
0.774622 0.335623 0.389971;
0.752143 0.337125 0.435329;
0.731945 0.336744 0.394639;
0.731945 0.3364 0.368509;
0.731945 0.3364 0.368509;
0.713788 0.3364 0.368509;
0.713788 0.336091 0.306854;
0.707843 0.336091 0.306854;
0.707843 0.335812 0.249255;
0.702488 0.335812 0.249255;
0.697665 0.333378 0.268183;
0.692691 0.328855 0.284521;
0.686045 0.322475 0.271637;
0.680062 0.316734 0.208687;
0.672366 0.31388 0.213352;
0.668341 0.311792 0.208451;
0.665702 0.311011 0.177563;
0.663323 0.31031 0.138479;
0.65863 0.309681 0.109023;
0.654403 0.308437 0.10313;
0.650141 0.306153 0.0552999;
0.646303 0.302707 0.0378956;
0.634568 0.299608 0.0514564;
0.623834 0.29682 0.0496162;
0.623834 0.29539 0.0565915;
0.614173 0.29539 0.0565915;
0.614173 0.296119 0.0466738;
0.600582 0.296119 0.0466738;
0.58835 0.296776 0.0475728;
0.57734 0.298059 0.0460818;
0.566704 0.298526 0.0541627;
0.566704 0.299638 0.0672687;
0.55237 0.299638 0.0672687;
0.539469 0.300697 0.122304;
0.539469 0.303645 0.107501;
0.539469 0.303645 0.107501;
0.52786 0.303645 0.107501;
0.52786 0.308819 0.0961924;
0.52286 0.308819 0.0961924;
0.526639 0.319369 0.0755271;
0.535435 0.328865 0.107803;
0.554148 0.336642 0.148181;
0.570989 0.342553 0.108825;
0.590516 0.340413 0.0697183;
0.608086 0.334526 0.114239;
0.612136 0.324732 0.244718;
0.611651 0.314787 0.213302;
0.611212 0.306968 0.203881;
0.611817 0.302041 0.199038;
0.611817 0.297608 0.177603;
0.611817 0.297608 0.177603;
0.609764 0.297608 0.177603;
0.607196 0.295049 0.132311;
0.600472 0.293225 0.122013;
0.600472 0.292379 0.107506;
0.600472 0.292379 0.107506;
0.58367 0.292379 0.107506;
0.58367 0.2928 0.0733873;
0.58367 0.2928 0.0733873;
0.561964 0.2928 0.0733873;
0.561964 0.295431 0.13192;
0.538126 0.295431 0.13192;
0.538126 0.299945 0.160076;
0.516674 0.299945 0.160076;
0.516674 0.30609 0.128727;
0.49737 0.30609 0.128727;
0.49737 0.311926 0.162568;
0.486698 0.311926 0.162568;
0.487881 0.317178 0.176952;
0.497012 0.321907 0.188347;
0.497012 0.323129 0.178602;
0.509776 0.323129 0.178602;
0.509776 0.320965 0.197752;
0.525122 0.320965 0.197752;
0.525122 0.319019 0.22702;
0.549661 0.319019 0.22702;
0.582184 0.317268 0.196503;
0.61145 0.313478 0.221075;
0.637777 0.315929 0.295304;
0.637777 0.326731 0.271694;
0.637777 0.326731 0.271694;
0.660249 0.326731 0.271694;
0.680448 0.339921 0.279387;
0.698595 0.348323 0.337105;
0.698595 0.359857 0.333671;
0.716456 0.359857 0.333671;
0.739784 0.371168 0.407556;
0.760703 0.381345 0.425709;
0.779445 0.385192 0.347322;
0.787217 0.384107 0.303004;
0.780071 0.381678 0.272505;
0.780071 0.37535 0.258215;
0.780071 0.37535 0.258215;
0.770768 0.37535 0.258215;
0.761164 0.366486 0.241319;
0.754162 0.358508 0.29227;
0.747855 0.351326 0.305848;
0.743294 0.347258 0.27418;
0.743294 0.348193 0.256583;
0.743294 0.348193 0.256583;
0.742033 0.348193 0.256583;
0.740881 0.349033 0.242605;
0.739828 0.349789 0.258796;
0.737973 0.349293 0.275308;
0.729305 0.343043 0.239721;
0.716918 0.336148 0.2138;
0.703563 0.329483 0.221505;
0.688861 0.323149 0.157919;
0.671671 0.317563 0.13788;
0.657413 0.312759 0.119873;
0.644923 0.308936 0.102479;
0.633684 0.306978 0.300181;
0.632217 0.305551 0.441925;
0.632217 0.304268 0.463336;
0.632217 0.304268 0.463336;
0.633821 0.304268 0.463336;
0.63526 0.303115 0.498768;
0.637732 0.299687 0.507083;
0.639952 0.293789 0.507501;
0.639477 0.287446 0.449666;
0.632491 0.28174 0.405306;
0.619381 0.276608 0.336126;
0.606178 0.277256 0.289711;
0.592105 0.282528 0.268921;
0.578525 0.288084 0.199675;
0.566304 0.294171 0.153977;
0.555304 0.300223 0.158543;
0.555304 0.304977 0.156286;
0.543243 0.304977 0.156286;
0.543243 0.310132 0.157099;
0.532093 0.310132 0.157099;
0.532093 0.314773 0.143283;
0.519156 0.314773 0.143283;
0.519156 0.318132 0.126865;
0.506042 0.318132 0.126865;
0.494244 0.320585 0.119397;
0.481173 0.321711 0.0974173;
0.469256 0.323808 0.110868;
0.45854 0.325696 0.100699;
0.445116 0.325502 0.0904389;
0.430609 0.326348 0.0916882;
0.403295 0.330222 0.0875049;
0.376728 0.333709 0.0729633;
0.352888 0.335125 0.124107;
0.331517 0.331806 0.193554;
0.335532 0.32847 0.380328;
0.359293 0.320881 0.38478;
0.388115 0.31021 0.521242;
0.421156 0.299301 0.612403;
0.450873 0.288294 0.598959;
0.470471 0.27839 0.677355;
0.484889 0.270672 0.674113;
0.484889 0.269996 0.726022;
0.49031 0.269996 0.726022;
0.487116 0.275375 0.780633;
0.487116 0.285647 0.821317;
0.484245 0.285647 0.821317;
0.481664 0.300604 0.868531;
0.487225 0.314066 0.910689;
0.502301 0.326183 0.955314;
0.523796 0.334467 0.864833;
0.547282 0.341357 0.830303;
0.569282 0.345534 0.843981;
0.58908 0.344929 0.823402;
0.60337 0.344384 0.840343;
0.614994 0.338384 0.937038;
0.62545 0.3323 0.911891;
0.635717 0.324929 0.820758;
0.635717 0.316514 0.722759;
0.635717 0.316514 0.722759;
0.651123 0.316514 0.722759;
0.676738 0.309498 0.791532;
0.699757 0.302305 0.838449;
0.720429 0.297764 0.730593;
0.732786 0.293678 0.656401;
0.724463 0.292096 0.590605;
0.701534 0.297536 0.527321;
0.680915 0.30798 0.501571;
0.655198 0.317381 0.457077;
0.629203 0.328612 0.41303;
0.608671 0.338836 0.415129;
0.597714 0.345266 0.438716;
0.602988 0.351052 0.482651;
0.603662 0.355087 0.523163;
0.603662 0.358827 0.485198;
0.603662 0.358827 0.485198;
0.604266 0.358827 0.485198;
0.615016 0.360648 0.446013;
0.629764 0.360259 0.407125;
0.643028 0.35789 0.346851;
0.656803 0.355283 0.361831;
0.672272 0.352936 0.382836;
0.686173 0.350822 0.368096;
0.700546 0.346312 0.374601;
0.700546 0.339656 0.387768;
0.700546 0.339656 0.387768;
0.713451 0.339656 0.387768;
0.723076 0.333665 0.411668;
0.726667 0.325926 0.437809;
0.728186 0.318579 0.379416;
0.725113 0.311967 0.3225;
0.717306 0.306017 0.298008;
0.70845 0.303053 0.306048;
0.69853 0.301999 0.286991;
0.667522 0.30354 0.257189;
0.667522 0.308522 0.212713;
0.667522 0.308522 0.212713;
0.622492 0.308522 0.212713;
0.58197 0.313922 0.240477;
0.5455 0.318783 0.201907;
0.523279 0.323158 0.15895;
0.520625 0.325303 0.138296;
0.525258 0.326554 0.14827;
0.529429 0.327544 0.167829;
0.533183 0.328108 0.167669;
0.522028 0.3289 0.153589;
0.498122 0.329561 0.0976788;
0.473378 0.330265 0.121818;
0.451123 0.330898 0.119219;
0.431114 0.331359 0.118191;
0.415612 0.331522 0.086497;
0.406673 0.33025 0.115505;
0.406297 0.329105 0.141317;
0.417723 0.324877 0.174326;
0.43568 0.317616 0.163715;
0.456471 0.308468 0.168875;
0.456471 0.29504 0.16062;
0.483973 0.29504 0.16062;
0.483973 0.281684 0.195146;
0.483973 0.281684 0.195146;
0.510622 0.281684 0.195146;
0.533018 0.269666 0.243164;
0.553175 0.258854 0.223244;
0.57695 0.250283 0.229084;
0.603364 0.245865 0.205044;
0.628083 0.245306 0.196447;
0.651426 0.244865 0.208322;
0.675995 0.244473 0.226112;
0.701537 0.242906 0.266603;
0.724478 0.239954 0.361126;
0.745068 0.235206 0.319912;
0.762148 0.230938 0.324778;
0.766745 0.227103 0.324289;
0.752614 0.225382 0.378102;
0.739909 0.225471 0.371097;
0.728481 0.225556 0.401647;
0.722912 0.225687 0.387849;
0.730361 0.225104 0.363976;
0.730361 0.224585 0.332907;
0.730361 0.224585 0.332907;
0.740205 0.224585 0.332907;
0.749027 0.223943 0.32634;
0.755305 0.22342 0.338525;
0.755263 0.223877 0.320964;
0.755206 0.231681 0.273817;
0.761411 0.241048 0.292118;
0.761411 0.249482 0.329958;
0.761411 0.249482 0.329958;
0.766636 0.249482 0.329958;
0.766636 0.257075 0.35296;
0.771301 0.257075 0.35296;
0.771301 0.261925 0.415679;
0.775856 0.261925 0.415679;
0.775856 0.263167 0.455087;
0.775856 0.263167 0.455087;
0.775856 0.263167 0.455087;
0.779916 0.263167 0.455087;
0.779916 0.263183 0.373674;
0.780778 0.263183 0.373674;
0.780778 0.26245 0.356828;
0.781524 0.26245 0.356828;
0.780092 0.261143 0.277174;
0.778781 0.259507 0.301431;
0.771281 0.258038 0.286001;
0.771281 0.25672 0.228001;
0.771281 0.25672 0.228001;
0.771281 0.25672 0.228001;
0.764526 0.25672 0.228001;
0.764526 0.257665 0.223047;
0.75072 0.257665 0.223047;
0.736028 0.273208 0.179809;
0.736028 0.288702 0.179492;
0.736028 0.288702 0.179492;
0.736028 0.288702 0.179492;
0.736028 0.288702 0.179492;
0.719892 0.288702 0.179492;
0.719892 0.302648 0.22236;
0.719892 0.302648 0.22236;
0.719892 0.302648 0.22236;
0.719892 0.302648 0.22236;
0.703127 0.302648 0.22236;
0.703127 0.315198 0.240271;
0.703127 0.315198 0.240271;
0.703127 0.315198 0.240271;
0.703127 0.315198 0.240271;
0.687951 0.315198 0.240271;
0.687951 0.317019 0.24172;
0.687951 0.317019 0.24172;
0.674299 0.317019 0.24172;
0.662015 0.318659 0.250587;
0.650967 0.320135 0.227116;
0.641033 0.321463 0.384804 ;
0.641729 0.322658 0.449579;
0.652247 0.323572 0.592103;
0.652247 0.322351 0.666638;
0.667982 0.322351 0.666638;
0.682124 0.316258 0.587545;
0.682124 0.310776 0.56949;
0.68855 0.310776 0.56949;
0.68855 0.305843 0.679814;
0.68855 0.305843 0.679814;
0.69838 0.305843 0.679814;
0.69838 0.304502 0.675135;
0.713484 0.304502 0.675135;
0.719996 0.311112 0.688237;
0.718989 0.319694 0.678204;
0.717676 0.327419 0.714519;
0.723722 0.334372 0.659394;
0.723722 0.339058 0.645104;
0.723722 0.339058 0.645104;
0.730448 0.339058 0.645104;
0.73142 0.336741 0.701811;
0.73142 0.334655 0.7392;
0.734162 0.334655 0.7392;
0.741662 0.332777 0.767343;
0.757123 0.332922 0.722904;
0.766474 0.33838 0.652786;
0.766474 0.343293 0.609256;
0.765567 0.343293 0.609256;
0.76473 0.351332 0.582889;
0.76473 0.360758 0.593461;
0.766919 0.360758 0.593461;
0.766919 0.364534 0.652039;
0.766919 0.364534 0.652039;
0.763833 0.364534 0.652039;
0.763833 0.364279 0.745454;
0.763833 0.364279 0.745454;
0.763833 0.364279 0.745454;
0.758939 0.364279 0.745454;
0.758939 0.362583 0.723569;
0.746238 0.362583 0.723569;
0.726689 0.361056 0.763071;
0.709098 0.358272 0.697903;
0.693269 0.355765 0.601018;
0.67476 0.353508 0.569619;
0.649461 0.352495 0.522899;
0.617846 0.356373 0.476553;
0.589395 0.363968 0.503022;
0.56379 0.370801 0.49049;
0.544796 0.376949 0.496247;
0.53742 0.376861 0.504365;
0.533756 0.368607 0.527037;
0.530459 0.359494 0.520583;
0.527493 0.35129 0.482793;
0.522216 0.343189 0.442945;
0.509652 0.335897 0.462507;
0.493381 0.330053 0.427836;
0.478742 0.327 0.382483;
0.478742 0.326386 0.334628;
0.465576 0.326386 0.334628;
0.465576 0.338068 0.351922;
0.465576 0.338068 0.351922;
0.465462 0.338068 0.351922;
0.475388 0.356594 0.385679;
0.484321 0.373265 0.34798;
0.493583 0.388267 0.332391;
0.503014 0.397981 0.323713;
0.511503 0.39491 0.266926;
0.519143 0.379187 0.259137;
0.519143 0.363075 0.244021;
0.528288 0.363075 0.244021;
0.54001 0.347394 0.216793;
0.552054 0.332338 0.192941;
0.563282 0.318788 0.206476;
0.574653 0.305696 0.17044;
0.588102 0.293039 0.175766;
0.602682 0.281649 0.118303;
0.623221 0.270022 0.0731367;
0.642703 0.258437 0.103001;
0.660941 0.247425 0.10014;
0.673245 0.23811 0.0779646;
0.684302 0.232085 0.0690295;
0.693543 0.226668 0.060333;
0.70184 0.22316 0.0701605;
0.709379 0.220526 0.055756;
0.716142 0.218406 0.0352449;
0.718489 0.216504 0.0160397;
0.720584 0.216428 0.022029;
0.722455 0.214552 0.0186751;
0.724122 0.212869 0.00844566;
0.724122 0.210485 0.00904411;
0.731121 0.210485 0.00904411;
0.748725 0.205269 0.0589477;
0.764513 0.200581 0.0648956;
0.77866 0.19637 0.0847783;
0.788422 0.197853 0.124909;
0.795715 0.204033 0.0988249;
0.797152 0.2096 0.111899;
0.79841 0.214615 0.0875751;
0.79841 0.215305 0.0487088;
0.797824 0.215305 0.0487088;
0.797824 0.215877 0.0230972;
0.796996 0.215877 0.0230972;
0.783111 0.216446 0.054664;
0.759814 0.221852 0.0749073;
0.738876 0.23305 0.100795;
0.720052 0.243132 0.0903185;
0.720052 0.252208 0.0604742;
0.720052 0.252208 0.0604742;
0.703125 0.252208 0.0604742;
0.688066 0.260045 0.219098;
0.688066 0.267101 0.324353;
0.677358 0.267101 0.324353;
0.677358 0.273322 0.366642;
0.677358 0.273322 0.366642;
0.671357 0.273322 0.366642;
0.676239 0.27612 0.33015;
0.688104 0.278839 0.326193;
0.688104 0.286976 0.341471;
0.698763 0.286976 0.341471;
0.711994 0.295037 0.433808;
0.727287 0.299409 0.493917;
0.742945 0.307212 0.460842;
0.760245 0.318866 0.450613;
0.760245 0.328132 0.399946;
0.775757 0.328132 0.399946;
0.775757 0.335313 0.37518;
0.789652 0.335313 0.37518;
0.802086 0.341775 0.315673;
0.802086 0.348751 0.276929;
0.813203 0.348751 0.276929;
0.821991 0.354144 0.259789;
0.824573 0.357154 0.226449;
0.824573 0.357977 0.209502;
0.828613 0.357977 0.209502;
0.828613 0.354981 0.227304;
0.828613 0.354981 0.227304;
0.837576 0.354981 0.227304;
0.847946 0.352284 0.243851;
0.854799 0.349856 0.389856;
0.854995 0.34298 0.458895;
0.85512 0.331802 0.409703;
0.851686 0.318263 0.396044;
0.848563 0.306078 0.394522;
0.845718 0.295113 0.375649;
0.85033 0.285246 0.380658;
0.85441 0.27789 0.336432;
0.858011 0.274182 0.329889;
0.863169 0.27359 0.264294;
0.870544 0.276155 0.265912;
0.868496 0.278465 0.286876;
0.863139 0.280547 0.245951;
0.861376 0.279411 0.216028;
0.868686 0.277512 0.159257;
0.868686 0.275509 0.137371;
0.868686 0.275509 0.137371;
0.876958 0.275509 0.137371;
0.884474 0.270984 0.107686;
0.89656 0.267659 0.0967843;
0.907289 0.267691 0.0947365;
0.907289 0.268174 0.0477069;
0.914775 0.268174 0.0477069;
0.91953 0.268315 0.0449458;
0.91953 0.269418 0.0988185;
0.923691 0.269418 0.0988185;
0.923743 0.271165 0.119342;
0.923703 0.272739 0.132767;
0.922652 0.274159 0.152104;
0.922652 0.276729 0.206608;
0.921627 0.276729 0.206608;
0.921627 0.279045 0.283444;
0.915345 0.279045 0.283444;
0.915345 0.278784 0.262969;
0.908535 0.278784 0.262969;
0.908535 0.280729 0.302256;
0.896456 0.280729 0.302256;
0.881976 0.288114 0.259492;
0.861383 0.294762 0.271924;
0.842894 0.303479 0.276381;
0.826287 0.313533 0.292359;
0.813358 0.324606 0.312245;
0.810324 0.335601 0.295099;
0.810324 0.347053 0.292612;
0.810581 0.347053 0.292612;
0.810581 0.357646 0.395184;
0.810778 0.357646 0.395184;
0.810778 0.367179 0.442293;
0.809052 0.367179 0.442293;
0.809052 0.376368 0.437664;
0.809052 0.376368 0.437664;
0.809052 0.376368 0.437664;
0.809052 0.376368 0.437664;
0.793826 0.376368 0.437664;
0.793826 0.384016 0.392219;
0.793826 0.384016 0.392219;
0.793826 0.384016 0.392219;
0.793826 0.384016 0.392219;
0.766521 0.384016 0.392219;
0.741985 0.390896 0.391179;
0.715883 0.397087 0.395087;
0.6871 0.403623 0.349549;
0.6871 0.409502 0.321031;
0.668945 0.409502 0.321031;
0.655646 0.411807 0.349692;
0.645089 0.417821 0.357461;
0.646315 0.417058 0.310032;
0.673117 0.408868 0.248438;
0.673117 0.398463 0.216084;
0.700641 0.398463 0.216084;
0.725369 0.383571 0.177467;
0.725369 0.366957 0.142494;
0.725369 0.366957 0.142494;
0.74757 0.366957 0.142494;
0.751312 0.352004 0.167049;
0.745897 0.338546 0.150966;
0.737972 0.329834 0.104833;
0.727536 0.326514 0.127772;
0.71357 0.326866 0.106698;
0.690892 0.330895 0.148142;
0.6633 0.334521 0.204057;
0.6633 0.337785 0.184652;
0.6633 0.337785 0.184652;
0.638156 0.337785 0.184652;
0.613057 0.339969 0.25014;
0.613057 0.343647 0.342512;
0.582923 0.343647 0.342512;
0.563351 0.346957 0.374525;
0.548213 0.349313 0.434625;
0.540048 0.356026 0.496328;
0.552124 0.362067 0.4894;
0.552124 0.367502 0.490977;
0.573617 0.367502 0.490977;
0.592959 0.365582 0.46412;
0.613055 0.356004 0.406836;
0.613055 0.347383 0.403464;
0.631097 0.347383 0.403464;
0.631097 0.339624 0.39866;
0.647184 0.339624 0.39866;
0.661651 0.33332 0.409202;
0.674984 0.327646 0.427464;
0.68726 0.322541 0.355356;
0.68726 0.316744 0.357935;
0.68726 0.316744 0.357935;
0.699929 0.316744 0.357935;
0.711165 0.307115 0.398956;
0.721101 0.298451 0.426379;
0.722771 0.290355 0.399692;
0.726506 0.283071 0.350229;
0.729848 0.279897 0.299967;
0.729715 0.277042 0.275784;
0.738925 0.275572 0.252152;
0.754245 0.274055 0.246844;
0.754245 0.272693 0.245207;
0.767982 0.272693 0.245207;
0.767982 0.269561 0.283887;
0.776303 0.269561 0.283887;
0.77899 0.265071 0.266462;
0.776217 0.261316 0.243369;
0.772314 0.257245 0.215097;
0.768789 0.25269 0.174186;
0.765605 0.248594 0.150736;
0.771587 0.245807 0.126549;
0.779272 0.244207 0.111446;
0.786145 0.241992 0.0982835;
0.792286 0.240002 0.0766973;
0.796192 0.239399 0.0294312;
0.797535 0.23886 0.0436558;
0.797484 0.238379 0.0344725;
0.795788 0.238621 0.0588911;
0.792936 0.238842 0.0758368;
0.790125 0.239045 0.0684296;
0.78718 0.238253 0.0808165;
0.783067 0.235188 0.0499646;
0.777135 0.231999 0.0820399;
0.76853 0.227717 0.0835849;
0.760785 0.221372 0.0981365;
0.753811 0.218164 0.107506;
0.747982 0.2167 0.110904;
0.742839 0.215562 0.0727175;
0.738203 0.215177 0.0806365;
0.736298 0.215952 0.0924053;
0.734412 0.217093 0.0565845;
0.729691 0.218126 0.0472294;
0.725437 0.220799 0.0290255;
0.725437 0.223209 0.0307441;
0.725437 0.223209 0.0307441;
0.725437 0.223209 0.0307441;
0.720466 0.223209 0.0307441;
0.720466 0.224634 0.103487;
0.720466 0.224634 0.103487;
0.720466 0.224634 0.103487;
0.719274 0.224634 0.103487;
0.719274 0.225922 0.177441;
0.719274 0.225922 0.177441;
0.719274 0.225922 0.177441;
0.718191 0.225922 0.177441;
0.718191 0.22899 0.171184;
0.716769 0.22899 0.171184;
0.716769 0.237101 0.268192;
0.718653 0.237101 0.268192;
0.720852 0.253195 0.289169;
0.726687 0.2702 0.304557;
0.736856 0.285505 0.29564;
0.736856 0.299282 0.289065;
0.755311 0.299282 0.289065;
0.771863 0.30581 0.309678;
0.771863 0.310208 0.414971;
0.771863 0.310208 0.414971;
0.786697 0.310208 0.414971;
0.794549 0.314167 0.420621;
0.78693 0.315263 0.441722;
0.771887 0.316251 0.379451;
0.771887 0.31714 0.384104;
0.771887 0.31714 0.384104;
0.756055 0.31714 0.384104;
0.738938 0.314071 0.372563;
0.723231 0.307942 0.420389;
0.708745 0.302427 0.410334;
0.695714 0.297465 0.348178;
0.695714 0.293798 0.361088;
0.684423 0.293798 0.361088;
0.675257 0.290499 0.331092;
0.673937 0.288588 0.266854;
0.679651 0.288302 0.228193;
0.693451 0.288746 0.219915;
0.710205 0.291144 0.188848;
0.717195 0.293303 0.148476;
0.722855 0.296798 0.120204;
0.726201 0.299944 0.130889;
0.719538 0.301261 0.134655;
0.713539 0.299801 0.114687;
0.708136 0.296463 0.0682799;
0.705371 0.291145 0.0388342;
0.705371 0.284441 0.0286556;
0.705371 0.284441 0.0286556;
0.710271 0.284441 0.0286556;
0.714665 0.278409 0.0354953;
0.718603 0.27341 0.0161813;
0.726797 0.270424 0.030904;
0.736599 0.266228 0.0148626;
0.745391 0.260085 0;
0.750984 0.254559 0.00528506;
0.75599 0.247276 0;
0.760468 0.240724 0;
0.752129 0.234832 0;
0.736292 0.232011 0.00147703;
0.721255 0.230742 0.0394878;
0.706617 0.229603 0.106108;
0.69102 0.229818 0.080299;
0.69102 0.230119 0.0678823;
0.69102 0.230119 0.0678823;
0.678102 0.230119 0.0678823;
0.670518 0.230393 0.15326;
0.663959 0.233934 0.173457;
0.663959 0.237123 0.1648;
0.667751 0.237123 0.1648;
0.680755 0.240751 0.169269;
0.692442 0.247073 0.204517;
0.702941 0.253205 0.182413;
0.702941 0.256351 0.186066;
0.710053 0.256351 0.186066;
0.710053 0.25771 0.163123;
0.710053 0.25771 0.163123;
0.711813 0.25771 0.163123;
0.711813 0.259283 0.201879;
0.709309 0.259283 0.201879;
0.705245 0.262435 0.174637;
0.690388 0.265274 0.123332;
0.655968 0.267832 0.166834;
0.612865 0.276755 0.223067;
0.569604 0.291006 0.202882;
0.527319 0.303833 0.16286;
0.489267 0.319295 0.176111;
0.455033 0.335201 0.109756;
0.420294 0.350814 0.112093;
0.384045 0.364533 0.0978055;
0.357673 0.376082 0.0913939;
0.341078 0.386474 0.0886515;
0.331909 0.395214 0.0724071;
0.337382 0.392724 0.0482001;
0.342316 0.379727 0.0372676;
0.354024 0.366845 0.0372995;
0.364938 0.35305 0.0646185;
0.372231 0.339351 0.0551138;
0.37723 0.327021 0.0718532;
0.381734 0.317208 0.129695;
0.38736 0.31128 0.141386;
0.392939 0.308981 0.116914;
0.392939 0.306912 0.132603;
0.392939 0.306912 0.132603;
0.396397 0.306912 0.132603;
0.403453 0.307292 0.139598;
0.412405 0.306252 0.183205;
0.420461 0.309718 0.246939;
0.420461 0.313741 0.209524;
0.428577 0.313741 0.209524;
0.428577 0.312098 0.246997;
0.428577 0.312098 0.246997;
0.428577 0.312098 0.246997;
0.448296 0.312098 0.246997;
0.448296 0.313597 0.328305;
0.487909 0.313597 0.328305;
0.523558 0.317081 0.351766;
0.555642 0.320217 0.449821;
0.555642 0.32304 0.517299;
0.582166 0.32304 0.517299;
0.582166 0.324646 0.567157;
0.590085 0.324646 0.567157;
0.589895 0.326093 0.679632;
0.585758 0.328756 0.659575;
0.579739 0.33198 0.6241;
0.576617 0.341845 0.551723;
0.574103 0.343757 0.561184;
0.57184 0.344676 0.498491;
0.57184 0.342819 0.452171;
0.574326 0.342819 0.452171;
0.574326 0.335073 0.409251;
0.579479 0.335073 0.409251;
0.584116 0.328102 0.380353;
0.591868 0.321827 0.356128;
0.608334 0.317898 0.335064;
0.608334 0.316212 0.292741;
0.623148 0.316212 0.292741;
0.623148 0.314695 0.276446;
0.623148 0.314695 0.276446;
0.638641 0.314695 0.276446;
0.638641 0.314294 0.240303;
0.638641 0.314294 0.240303;
0.638641 0.314294 0.240303;
0.638641 0.314294 0.240303;
0.659846 0.314294 0.240303;
0.659846 0.31598 0.272491;
0.678914 0.31598 0.272491;
0.696053 0.317499 0.231945;
0.711452 0.322657 0.209997;
0.727495 0.327299 0.181719;
0.739837 0.331477 0.188388;
0.739837 0.335295 0.182833;
0.739837 0.335295 0.182833 ;
0.75091 0.335295 0.182833;
0.760839 0.334095 0.191341;
0.769737 0.333014 0.240276;
0.769737 0.332041 0.176646;
0.773634 0.332041 0.176646;
0.773634 0.331166 0.179416;
0.775981 0.331166 0.179416;
0.778067 0.330378 0.263213;
0.77813 0.325091 0.275276;
0.775395 0.312102 0.250521;
0.775395 0.296748 0.226144;
0.772919 0.296748 0.226144;
0.772919 0.281588 0.252171;
0.774358 0.281588 0.252171;
0.777215 0.268541 0.264025;
0.776172 0.256801 0.231227;
0.775215 0.24624 0.189291;
0.774335 0.242021 0.171506;
0.771193 0.241515 0.149535;
0.768353 0.241063 0.14811;
0.765785 0.240659 0.132519;
0.758902 0.239303 0.117489;
0.752703 0.238086 0.103252;
0.747068 0.236994 0.0895778;
0.745826 0.23407 0.0763514;
0.743602 0.229399 0.0456128;
0.741589 0.224382 0.0981406;
0.74812 0.224097 0.0935777;
0.755065 0.223845 0.097207;
0.761286 0.223622 0.131694;
0.761286 0.228941 0.128493;
0.767774 0.228941 0.128493;
0.773581 0.241378 0.130895;
0.776581 0.259352 0.19952;
0.775187 0.282031 0.17674;
0.773915 0.302443 0.2041;
0.772875 0.319721 0.187467;
0.771921 0.324007 0.211986;
0.77209 0.321817 0.153383;
0.772223 0.314796 0.118711;
0.772322 0.301883 0.132871;
0.775647 0.290263 0.139659;
0.783116 0.281173 0.173524;
0.789882 0.271842 0.196696;
0.800903 0.266228 0.209154;
0.810765 0.2626 0.228677;
0.819581 0.261707 0.241633;
0.826715 0.26375 0.318423;
0.819874 0.266177 0.338185;
0.804447 0.268363 0.290917;
0.804447 0.270332 0.272298;
0.787353 0.270332 0.272298;
0.787353 0.270127 0.321445;
0.77018 0.270127 0.321445;
0.75474 0.268642 0.365971;
0.742106 0.267048 0.399392;
0.742106 0.264502 0.338713;
0.732475 0.264502 0.338713;
0.72669 0.259393 0.319102;
0.72148 0.255808 0.274048;
0.716787 0.25551 0.234788;
0.716787 0.252556 0.252881;
0.713034 0.252556 0.252881;
0.708555 0.247668 0.270743;
0.704521 0.246247 0.278909;
0.702016 0.252788 0.300212;
0.699756 0.259709 0.29907;
0.697716 0.26594 0.246743;
0.69205 0.275104 0.239683;
0.690903 0.283354 0.212898;
0.689451 0.29078 0.191085;
0.68036 0.294955 0.165059;
0.675285 0.296996 0.150379;
0.675197 0.296164 0.16954;
0.679101 0.291939 0.146722;
0.682607 0.287183 0.164405;
0.685752 0.282299 0.185587;
0.691091 0.277905 0.156779;
0.695884 0.273952 0.116618;
0.702582 0.27316 0.112641;
0.709779 0.272449 0.0837266;
0.717656 0.271812 0.0409047;
0.727759 0.26858 0.0286818;
0.736826 0.262182 0.160121;
0.74496 0.256426 0.265486;
0.74496 0.251248 0.297775;
0.750162 0.251248 0.297775;
0.750162 0.245268 0.321632;
0.749018 0.245268 0.321632;
0.741701 0.241558 0.386835;
0.723595 0.23975 0.321866;
0.70305 0.240665 0.30823;
0.681442 0.243413 0.281197;
0.662003 0.245889 0.237854;
0.646824 0.248121 0.216266;
0.636048 0.249944 0.193934;
0.626351 0.248138 0.14099;
0.626351 0.243064 0.136469;
0.619382 0.243064 0.136469;
0.623166 0.238285 0.134708;
0.636302 0.233988 0.155152;
0.648327 0.230124 0.112208;
0.653572 0.230136 0.117732;
0.658287 0.230755 0.0926953;
0.67212 0.234135 0.121662;
0.684555 0.23718 0.116161;
0.687867 0.237073 0.157282;
0.684077 0.233569 0.173888;
0.684077 0.229501 0.167769;
0.684077 0.229501 0.167769;
0.682965 0.229501 0.167769;
0.681958 0.224119 0.143833;
0.678745 0.21928 0.126108;
0.675849 0.215257 0.0876046;
0.673559 0.215556 0.0588873;
0.673658 0.221616 0.093897;
0.6693 0.227857 0.0958022;
0.665376 0.237146 0.0532086;
0.661842 0.245508 0.137083;
0.661842 0.253036 0.22772;
0.655759 0.253036 0.22772;
0.655759 0.261633 0.226192;
0.64923 0.261633 0.226192;
0.643176 0.267467 0.265353;
0.637726 0.274625 0.267389;
0.63282 0.279163 0.235113;
0.628403 0.283248 0.190149;
0.624426 0.286926 0.183266;
0.62781 0.293189 0.186128;
0.637587 0.302732 0.20455;
0.648425 0.312798 0.171153;
0.648425 0.328093 0.1443;
0.648425 0.328093 0.1443;
0.658171 0.328093 0.1443;
0.666933 0.341859 0.173964;
0.666933 0.354247 0.181928;
0.663041 0.354247 0.181928;
0.645982 0.364857 0.159856;
0.626781 0.369083 0.136038;
0.609501 0.3716 0.160653;
0.609501 0.371607 0.175401;
0.609501 0.371607 0.175401;
0.594237 0.371607 0.175401;
0.57687 0.370028 0.183551;
0.57687 0.367021 0.216396;
0.561239 0.367021 0.216396;
0.561239 0.362972 0.227003;
0.552001 0.362972 0.227003;
0.543687 0.358147 0.276163;
0.531572 0.353804 0.213928;
0.519539 0.349988 0.211706;
0.519539 0.344393 0.199543;
0.519446 0.344393 0.199543;
0.519446 0.339357 0.237903;
0.519446 0.339357 0.237903;
0.519446 0.339357 0.237903;
0.518559 0.339357 0.237903;
0.518559 0.336593 0.260636;
0.517762 0.336593 0.260636;
0.517762 0.33792 0.235933;
0.517762 0.33792 0.235933;
0.517762 0.33792 0.235933;
0.517762 0.33792 0.235933;
0.52626 0.33792 0.235933;
0.535212 0.342301 0.352915;
0.544583 0.358244 0.431853;
0.551702 0.373238 0.392167;
0.551702 0.38673 0.315222;
0.563904 0.38673 0.315222;
0.574885 0.398871 0.335425;
0.586897 0.400934 0.298123;
0.586897 0.402789 0.268511;
0.593605 0.402789 0.268511;
0.593605 0.399026 0.335294;
0.599345 0.399026 0.335294;
0.604508 0.395638 0.414346;
0.604508 0.39717 0.424002;
0.607461 0.39717 0.424002;
0.607461 0.398547 0.443985;
0.611809 0.398547 0.443985;
0.614028 0.399583 0.382958;
0.614994 0.400177 0.363061;
0.613473 0.40071 0.419009;
0.611373 0.397308 0.42457;
0.609481 0.393284 0.430787;
0.607777 0.39277 0.362963;
0.613168 0.393077 0.320225;
0.627125 0.393415 0.35769;
0.639679 0.399397 0.366025;
0.639679 0.404778 0.405841;
0.639679 0.404778 0.405841;
0.650971 0.404778 0.405841;
0.655743 0.414937 0.361435;
0.655743 0.420589 0.368713;
0.649929 0.420589 0.368713;
0.635272 0.425672 0.309084;
0.622083 0.428241 0.376746;
0.622083 0.43055 0.36703;
0.622083 0.43055 0.36703;
0.610229 0.43055 0.36703;
0.610229 0.432658 0.293885;
0.601321 0.432658 0.293885;
0.596398 0.428583 0.215979;
0.591967 0.419026 0.218778;
0.587979 0.410429 0.154536;
0.584387 0.40269 0.178365;
0.577442 0.395716 0.179407;
0.566452 0.389445 0.136839;
0.547807 0.386735 0.147456;
0.531026 0.384296 0.115278;
0.524684 0.381977 0.113269;
0.519079 0.376666 0.122701;
0.51305 0.371885 0.134433;
0.507627 0.366271 0.0978103;
0.502747 0.361218 0.100337;
0.488025 0.356694 0.0780035;
0.474781 0.35248 0.0529671;
0.474781 0.34986 0.123133;
0.461224 0.34986 0.123133;
0.461224 0.348892 0.231011;
0.461224 0.348892 0.231011;
0.449032 0.348892 0.231011;
0.446925 0.351515 0.213501;
0.450497 0.357563 0.204979;
0.459589 0.36791 0.189237;
0.472349 0.377852 0.19972;
0.472349 0.386799 0.224982;
0.472349 0.386799 0.224982;
0.489747 0.386799 0.224982;
0.509594 0.394849 0.186778;
0.532088 0.397803 0.131332;
0.556897 0.394926 0.196506;
0.556897 0.385412 0.143305;
0.556897 0.385412 0.143305;
0.579601 0.385412 0.143305;
0.579601 0.373654 0.200076;
0.600033 0.373654 0.200076;
0.600033 0.36307 0.3108;
0.618418 0.36307 0.3108;
0.634581 0.353543 0.333997;
0.634321 0.352821 0.410007;
0.635665 0.362124 0.463793;
0.636871 0.370496 0.485142;
0.625224 0.37803 0.536294;
0.623418 0.380623 0.492811;
0.62179 0.374231 0.420348;
0.620324 0.36517 0.367061;
0.604683 0.357015 0.31626;
0.579881 0.349675 0.271437;
0.557559 0.343964 0.21767;
0.537469 0.339679 0.198532;
0.525928 0.335822 0.168837;
0.52469 0.335921 0.172151;
0.53381 0.337591 0.180821;
0.546634 0.341608 0.137456;
0.558176 0.347451 0.164875;
0.569347 0.352708 0.187948;
0.579213 0.35744 0.183115;
0.583935 0.356515 0.152607;
0.588183 0.353423 0.117817;
0.591698 0.347924 0.0738214;
0.594859 0.340452 0.061837;
0.595079 0.333726 0.047215;
0.584646 0.32834 0.0387471;
0.574938 0.324094 0.0502437;
0.566201 0.315955 0.0439305;
0.558337 0.30863 0.0702386;
0.552453 0.30229 0.043081;
0.547157 0.294967 0.0596517;
0.54839 0.285723 0.0762961;
0.552028 0.275084 0.0659086;
0.555302 0.265337 0.0567816;
0.558248 0.256581 0.0771973;
0.5609 0.248702 0.0616985;
0.563287 0.241615 0.033641;
0.564048 0.235981 0.0297611;
0.562126 0.231414 0;
0.560142 0.227309 0;
0.558356 0.224066 0;
0.559668 0.220703 0;
0.560849 0.216902 0;
0.561912 0.213486 0.00311957;
0.55797 0.210715 0;
0.547484 0.209453 0;
0.537867 0.209285 0.0225427;
0.529213 0.209354 0.0259891;
0.521425 0.211652 0.0339334;
0.517847 0.215901 0.0447064;
0.516782 0.21755 0.0662457;
0.520858 0.216805 0.0673365;
0.529141 0.214392 0.0379004;
0.536597 0.209643 0.0422153;
0.543307 0.205373 0.0372928;
0.544227 0.201535 0.027442 ;
0.538505 0.19922 0.0267462;
0.533355 0.199604 0;
0.528721 0.199953 0.0197619;
0.528721 0.201599 0.0114399;
0.524552 0.201599 0.0114399;
0.524552 0.20283 0;
0.52101 0.20283 0;
0.52101 0.203942 0;
0.523538 0.203942 0;
0.523538 0.2059 0.0490267;
0.532968 0.2059 0.0490267;
0.541455 0.207921 0.042494;
0.543439 0.211417 0.0768356;
0.545224 0.227261 0.0820937;
0.54683 0.244968 0.144226;
0.543316 0.260906 0.123229;
0.540154 0.275252 0.0848992;
0.537308 0.278679 0.056238;
0.544623 0.278222 0.0615716;
0.551207 0.276056 0.0610539;
0.563975 0.274109 0.0815775;
0.578397 0.27008 0.0460766;
0.589672 0.264098 0.0159077;
0.599818 0.260983 0.0137535;
0.600339 0.263271 0;
0.600807 0.265153 0;
0.594702 0.260013 0.0350481;
0.586853 0.256716 0.0365987;
0.573037 0.257803 0.0454271;
0.556852 0.257911 0.0449243;
0.542285 0.255848 0.0298277;
0.542285 0.254388 0.0473823;
0.542285 0.254388 0.0473823;
0.534423 0.254388 0.0473823;
0.534423 0.25524 0.0151006;
0.534423 0.25524 0.0151006;
0.527839 0.25524 0.0151006;
0.527839 0.257069 0.0765111;
0.527839 0.257069 0.0765111;
0.527913 0.257069 0.0765111;
0.533623 0.263552 0.110853;
0.543803 0.277149 0.132638;
0.556246 0.289387 0.143856;
0.556246 0.300841 0.204102;
0.556246 0.300841 0.204102;
0.567445 0.300841 0.204102;
0.578564 0.315669 0.23703;
0.588659 0.329014 0.179041;
0.588659 0.341024 0.202208;
0.596656 0.341024 0.202208;
0.596656 0.35022 0.247337;
0.60096 0.35022 0.247337;
0.60096 0.358968 0.229988;
0.604832 0.358968 0.229988;
0.611207 0.36684 0.242146;
0.611207 0.37265 0.328349;
0.621039 0.37265 0.328349;
0.621039 0.377879 0.346045;
0.621039 0.377879 0.346045;
0.621039 0.377879 0.346045;
0.62699 0.377879 0.346045;
0.62699 0.382583 0.390517;
0.637528 0.382583 0.390517;
0.647006 0.394743 0.510795;
0.647006 0.406717 0.479543;
0.647006 0.406717 0.479543;
0.647006 0.406717 0.479543;
0.65553 0.406717 0.479543;
0.65553 0.421318 0.484627;
0.663193 0.421318 0.484627;
0.665058 0.438909 0.460579;
0.6735 0.45871 0.580514;
0.686901 0.472068 0.623746;
0.686901 0.475988 0.594921;
0.702486 0.475988 0.594921;
0.702486 0.479094 0.633067;
0.702486 0.479094 0.633067;
0.714227 0.479094 0.633067;
0.714227 0.471881 0.705115;
0.714227 0.471881 0.705115;
0.714227 0.471881 0.705115;
0.714227 0.471881 0.705115;
0.709558 0.471881 0.705115;
0.705356 0.458765 0.764656;
0.689978 0.446182 0.815601;
0.676142 0.434855 0.84483;
0.663693 0.424655 0.873374;
0.654402 0.415473 0.855323;
0.651541 0.405028 0.882762;
0.65385 0.391372 0.848712;
0.669132 0.372314 0.733903;
