0.672715 0.314491 1;
0.667122 0.30971 1;
0.662084 0.311785 1;
0.65588 0.320494 1;
0.65588 0.328329 1;
0.645516 0.328329 1;
0.645516 0.33538 1;
0.645516 0.33538 1;
0.636188 0.33538 1;
0.636188 0.337773 1;
0.62773 0.337773 1;
0.62773 0.337325 1;
0.62773 0.337325 1;
0.620117 0.337325 1;
0.613263 0.336921 1;
0.607097 0.336557 1;
0.601555 0.336229 0.961399;
0.605107 0.335934 0.976167;
0.617316 0.335669 1;
0.629173 0.336201 1;
0.629173 0.33668 1;
0.629173 0.33668 1;
0.639829 0.33668 1;
0.648523 0.338551 1;
0.66087 0.341527 1;
0.66087 0.346261 1;
0.66087 0.346261 1;
0.66087 0.346261 1;
0.67737 0.346261 1;
0.684723 0.349431 1;
0.684723 0.353717 1;
0.682426 0.353717 1;
0.682426 0.357572 1;
0.687804 0.357572 1;
0.703035 0.361039 1;
0.717849 0.363046 1;
0.717849 0.361876 1;
0.717849 0.361876 1;
0.734325 0.361876 1;
0.734325 0.357479 1;
0.749873 0.357479 1;
0.749873 0.352564 1;
0.749873 0.352564 1;
0.764178 0.352564 1;
0.764178 0.348154 1;
0.764178 0.348154 1;
0.764178 0.348154 1;
0.764178 0.348154 1;
0.764178 0.348154 1;
0.777052 0.348154 1;
0.777052 0.344186 1;
0.771106 0.344186 1;
0.748857 0.342134 1;
0.728881 0.341244 1;
0.728881 0.340442 1;
0.710936 0.340442 1;
0.710936 0.339719 1;
0.694834 0.339719 1;
0.694834 0.339069 1;
0.694834 0.339069 1;
0.694834 0.339069 1;
0.694494 0.339069 1;
0.694172 0.338485 1;
0.693865 0.343516 1;
0.692054 0.348302 1;
0.692054 0.353458 1;
0.692054 0.353458 1;
0.673838 0.353458 1;
0.673838 0.358096 1;
0.673838 0.358096 1;
0.655955 0.358096 1;
0.655955 0.356949 1;
0.655955 0.356949 1;
0.655955 0.356949 1;
0.639943 0.356949 1;
0.639943 0.354836 0.998384;
0.639943 0.354836 0.998384;
0.639943 0.354836 0.998384;
0.626398 0.354836 0.998384;
0.626398 0.352666 1;
0.626398 0.352666 1;
0.626398 0.352666 1;
0.617367 0.352666 1;
0.617367 0.350729 1;
0.617367 0.350729 1;
0.610801 0.350729 1;
0.604933 0.348969 1;
0.604933 0.3474 1;
0.604933 0.3474 1;
0.599623 0.3474 1;
0.599623 0.345977 1;
0.594845 0.345977 1;
0.590547 0.344697 1;
0.58668 0.343545 1;
0.583224 0.342509 1;
0.583224 0.341586 1;
0.583224 0.341586 1;
0.580121 0.341586 1;
0.580121 0.340759 1;
0.580121 0.340759 1;
0.580121 0.340759 1;
0.577316 0.340759 1;
0.574791 0.34001 1;
0.574791 0.339334 1;
0.572531 0.339334 1;
0.572531 0.338732 1;
0.572531 0.338732 1;
0.572531 0.338732 1;
0.570498 0.338732 1;
0.570498 0.338191 0.99412;
0.570498 0.338191 0.99412;
0.56866 0.338191 0.99412;
0.567006 0.3377 1;
0.565517 0.337258 1;
0.564177 0.336861 0.887049;
0.56297 0.336502 0.878733;
0.561886 0.336179 0.897137;
0.567315 0.334473 0.862257;
0.579452 0.332937 0.968786;
0.590372 0.330558 1;
0.600196 0.32795 1;
0.600196 0.325389 1;
0.61367 0.325389 1;
0.625844 0.322679 0.929931;
0.625844 0.320868 0.887131;
0.629472 0.320868 0.887131;
0.629472 0.319238 0.932593;
0.625479 0.319238 0.932593;
0.625479 0.318772 1;
0.625479 0.318772 1;
0.625479 0.318772 1;
0.618155 0.318772 1;
0.618155 0.320228 1;
0.618155 0.320228 1;
0.611564 0.320228 1;
0.611564 0.321539 1;
0.605631 0.321539 1;
0.605631 0.322718 1;
0.605631 0.322718 1;
0.605631 0.322718 1;
0.605631 0.322718 1;
0.600292 0.322718 1;
0.600292 0.32378 1;
0.600292 0.32378 1;
0.600292 0.32378 1;
0.595487 0.32378 1;
0.595487 0.324735 1;
0.595487 0.324735 1;
0.591162 0.324735 1;
0.591162 0.325595 1;
0.591162 0.325595 1;
0.58727 0.325595 1;
0.58727 0.326369 1;
0.58727 0.326369 1;
0.58727 0.326369 1;
0.58727 0.326369 1;
0.583766 0.326369 1;
0.583766 0.327065 1;
0.583766 0.327065 1;
0.583766 0.327065 1;
0.583766 0.327065 1;
0.580614 0.327065 1;
0.580614 0.327692 1;
0.580614 0.327692 1;
0.580614 0.327692 1;
0.577776 0.327692 1;
0.577776 0.328256 1;
0.577776 0.328256 1;
0.577776 0.328256 1;
0.577776 0.328256 1;
0.575222 0.328256 1;
0.575222 0.328764 1;
0.575222 0.328764 1;
0.572924 0.328764 1;
0.572924 0.329221 0.998354;
0.572924 0.329221 0.998354;
0.572924 0.329221 0.998354;
0.570856 0.329221 0.998354;
0.570856 0.329632 1;
0.570856 0.329632 1;
0.570856 0.329632 1;
0.570856 0.329632 1;
0.568994 0.329632 1;
0.568994 0.330002 1;
0.568994 0.330002 1;
0.568994 0.330002 1;
0.568994 0.330002 1;
0.567309 0.330002 1;
0.5658 0.330338 1;
0.5658 0.330638 1;
0.564434 0.330638 1;
0.563206 0.330911 0.912656;
0.562106 0.331156 0.902488;
0.562106 0.331375 0.930508;
0.561117 0.331375 0.930508;
0.561117 0.331571 0.972426;
0.561117 0.331571 0.972426;
0.561117 0.331571 0.972426;
0.560229 0.331571 0.972426;
0.560229 0.331748 1;
0.55943 0.331748 1;
0.55943 0.331906 1;
0.558711 0.331906 1;
0.558711 0.332049 1;
0.558711 0.332049 1;
0.558711 0.332049 1;
0.558063 0.332049 1;
0.558063 0.332177 1;
0.558063 0.332177 1;
0.558063 0.332177 1;
0.558063 0.332177 1;
0.557481 0.332177 1;
0.557481 0.332293 1;
0.556957 0.332293 1;
0.556957 0.332397 1;
0.556957 0.332397 1;
0.556957 0.332397 1;
0.556957 0.332397 1;
0.556482 0.332397 1;
0.556482 0.332491 1;
0.556057 0.332491 1;
0.556057 0.332576 1;
0.556057 0.332576 1;
0.555675 0.332576 1;
0.555675 0.332652 1;
0.555675 0.332652 1;
0.555331 0.332652 1;
0.555331 0.33272 1;
0.555331 0.33272 1;
0.55502 0.33272 1;
0.55474 0.332782 1;
0.55474 0.332838 1;
0.554488 0.332838 1;
0.554488 0.332888 1;
0.554488 0.332888 1;
0.554488 0.332888 1;
0.554261 0.332888 1;
0.554261 0.332933 1;
0.554057 0.332933 1;
0.554057 0.332974 1;
0.554057 0.332974 1;
0.553875 0.332974 1;
0.553875 0.33301 1;
0.553875 0.33301 1;
0.55371 0.33301 1;
0.55371 0.333042 1;
0.55371 0.333042 1;
0.553562 0.333042 1;
0.553562 0.333072 1;
0.553562 0.333072 1;
0.553429 0.333072 1;
0.553309 0.333098 1;
0.553202 0.333122 1;
0.553202 0.333143 1;
0.553105 0.333143 1;
0.553105 0.333162 1;
0.553105 0.333162 1;
0.553105 0.333162 1;
0.553105 0.333162 1;
0.553105 0.333162 1;
0.553018 0.333162 1;
0.553018 0.33318 1;
0.55294 0.33318 1;
0.55294 0.333195 1;
0.55294 0.333195 1;
0.55294 0.333195 1;
0.55294 0.333195 1;
0.55287 0.333195 1;
0.55287 0.333209 1;
0.55287 0.333209 1;
0.552807 0.333209 1;
0.552807 0.333221 1;
0.552807 0.333221 1;
0.55275 0.333221 1;
0.552698 0.333233 1;
0.552698 0.333243 1;
0.552698 0.333243 1;
0.552698 0.333243 1;
0.552652 0.333243 1;
0.55261 0.333252 1;
0.552573 0.33326 1;
0.552573 0.333268 1;
0.552573 0.333268 1;
0.552539 0.333268 1;
0.552539 0.338294 0.998298;
0.552539 0.338294 0.998298;
0.552539 0.338294 0.998298;
0.553856 0.338294 0.998298;
0.553856 0.342989 1;
0.564533 0.342989 1;
0.583992 0.352446 1;
0.6015 0.360955 1;
0.6015 0.364543 1;
0.617249 0.364543 1;
0.617249 0.365181 1;
0.617249 0.365181 1;
0.617249 0.365181 1;
0.617249 0.365181 1;
0.631411 0.365181 1;
0.631411 0.365752 1;
0.639932 0.365752 1;
0.639932 0.366263 1;
0.652083 0.366263 1;
0.657346 0.366509 0.967979;
0.657346 0.367148 0.999595;
0.657346 0.367148 0.999595;
0.657346 0.367148 0.999595;
0.662066 0.367148 0.999595;
0.662066 0.36772 1;
0.662066 0.36772 1;
0.662066 0.36772 1;
0.662066 0.36772 1;
0.673306 0.36772 1;
0.673306 0.36665 1;
0.673306 0.36665 1;
0.673306 0.36665 1;
0.683393 0.36665 1;
0.683393 0.365152 0.92398;
0.683393 0.365152 0.92398;
0.692439 0.365152 0.92398;
0.692439 0.3638 1;
0.692439 0.3638 1;
0.694255 0.3638 1;
0.694255 0.360948 1;
0.695948 0.360948 1;
0.695948 0.35517 1;
0.695948 0.35517 1;
0.695602 0.35517 1;
0.695602 0.348471 1;
0.695602 0.348471 1;
0.695602 0.348471 1;
0.68955 0.348471 1;
0.68955 0.342441 1;
0.669838 0.342441 1;
0.669838 0.337013 1;
0.669838 0.337013 1;
0.660457 0.337013 1;
0.660457 0.331548 1;
0.642468 0.331548 1;
0.642468 0.328198 1;
0.642468 0.328198 1;
0.642468 0.328198 1;
0.642468 0.328198 1;
0.642468 0.328198 1;
0.622984 0.328198 1;
0.622984 0.325542 1;
0.605452 0.325542 1;
0.597906 0.323152 1;
0.600822 0.319409 1;
0.600822 0.315421 1;
0.600822 0.315421 1;
0.614041 0.315421 1;
0.614041 0.313411 1;
0.614041 0.313411 1;
0.614041 0.313411 1;
0.614041 0.313411 1;
0.614041 0.313411 1;
0.635524 0.313411 1;
0.635524 0.311622 1;
0.635524 0.311622 1;
0.635524 0.311622 1;
0.660717 0.311622 1;
0.660717 0.30978 1;
0.660717 0.30978 1;
0.660717 0.30978 1;
0.660717 0.30978 1;
0.660717 0.30978 1;
0.680433 0.30978 1;
0.692729 0.31127 1;
0.692729 0.316149 1;
0.703755 0.316149 1;
0.703755 0.321371 1;
0.707206 0.321371 1;
0.694225 0.326254 1;
0.694225 0.32982 1;
0.694225 0.32982 1;
0.694225 0.32982 1;
0.68255 0.32982 1;
0.68255 0.333029 1;
0.68255 0.333029 1;
0.68255 0.333029 1;
0.672047 0.333029 1;
0.672047 0.33655 1;
0.672047 0.33655 1;
0.672047 0.33655 1;
0.663223 0.33655 1;
0.663223 0.339718 1;
0.663223 0.339718 1;
0.663223 0.339718 1;
0.672233 0.339718 1;
0.672233 0.340832 1;
0.672233 0.340832 1;
0.680318 0.340832 1;
0.680318 0.339901 1;
0.680318 0.339901 1;
0.680318 0.339901 1;
0.687568 0.339901 1;
0.687568 0.338125 1;
0.687568 0.338125 1;
0.693659 0.338125 1;
0.693659 0.334502 1;
0.6928 0.334502 1;
0.688402 0.329526 0.998134;
0.68281 0.324917 1;
0.68281 0.320305 1;
0.68281 0.320305 1;
0.6794 0.320305 1;
0.676324 0.316156 1;
0.673434 0.312478 1;
0.668198 0.309472 1;
0.65386 0.306769 1;
0.65386 0.304338 1;
0.65386 0.304338 1;
0.640672 0.304338 1;
0.628804 0.301542 1;
0.618123 0.297423 1;
0.620699 0.293278 1;
0.623087 0.289551 1;
0.623087 0.286422 1;
0.623087 0.286422 1;
0.628984 0.286422 1;
0.628984 0.285001 1;
0.628984 0.285001 1;
0.634282 0.285001 1;
0.636419 0.28588 1;
0.636419 0.287991 1;
0.636419 0.287991 1;
0.638335 0.287991 1;
0.638335 0.290102 1;
0.638335 0.290102 1;
0.640051 0.290102 1;
0.640051 0.293906 1;
0.640051 0.293906 1;
0.640051 0.293906 1;
0.640051 0.293906 1;
0.646701 0.293906 1;
0.646701 0.301187 1;
0.646701 0.301187 1;
0.646701 0.301187 1;
0.646701 0.301187 1;
0.656661 0.301187 1;
0.665606 0.31022 1;
0.673635 0.318352 1;
0.677854 0.325672 1;
0.681634 0.330099 1;
0.678213 0.329021 1;
0.678213 0.325347 1;
0.678213 0.325347 1;
0.670679 0.325347 1;
0.663897 0.322041 1;
0.649587 0.319066 1;
0.625742 0.316739 1;
0.604286 0.314646 1;
0.584977 0.312763 1;
0.569164 0.310701 1;
0.561414 0.307616 1;
0.561414 0.304231 1;
0.561414 0.304231 1;
0.55981 0.304231 1;
0.55981 0.301187 1;
0.55981 0.301187 1;
0.55981 0.301187 1;
0.55981 0.301187 1;
0.558366 0.301187 1;
0.558366 0.29873 1;
0.557066 0.29873 1;
0.557066 0.296477 1;
0.557066 0.296477 1;
0.559755 0.296477 1;
0.568568 0.294333 1;
0.568568 0.292329 1;
0.568568 0.292329 1;
0.568568 0.292329 1;
0.568568 0.292329 1;
0.568568 0.292329 1;
0.583482 0.292329 1;
0.583482 0.289599 1;
0.583482 0.289599 1;
0.609132 0.289599 1;
0.632204 0.287145 1;
0.655685 0.284941 0.998158;
0.676784 0.283264 1;
0.676784 0.284568 1;
0.676784 0.284568 1;
0.685066 0.284568 1;
0.685066 0.287202 1;
0.685066 0.287202 1;
0.685279 0.287202 1;
0.685279 0.290614 1;
0.685279 0.290614 1;
0.685279 0.290614 1;
0.685279 0.290614 1;
0.67745 0.290614 1;
0.67745 0.294494 1;
0.67745 0.294494 1;
0.67745 0.294494 1;
0.67745 0.294494 1;
0.664832 0.294494 1;
0.664832 0.298018 1;
0.664832 0.298018 1;
0.653478 0.298018 1;
0.653478 0.301579 1;
0.653478 0.301579 1;
0.643262 0.301579 1;
0.643262 0.304786 1;
0.643262 0.304786 1;
0.634074 0.304786 1;
0.625815 0.307675 1;
0.623027 0.310271 1;
0.623027 0.309245 1;
0.638801 0.309245 1;
0.669769 0.304837 1;
0.699177 0.299519 1;
0.731895 0.294736 1;
0.731895 0.290555 1;
0.761212 0.290555 1;
0.761212 0.285596 1;
0.761212 0.285596 1;
0.761212 0.285596 1;
0.785896 0.285596 1;
0.785896 0.281602 1;
0.785896 0.281602 1;
0.785896 0.281602 1;
0.79134 0.281602 1;
0.79134 0.279831 1;
0.79134 0.279831 1;
0.778685 0.279831 1;
0.778685 0.279733 1;
0.767309 0.279733 1;
0.746089 0.279648 1;
0.727028 0.279633 1;
0.721705 0.281425 1;
0.721705 0.284385 1;
0.721705 0.284385 1;
0.721705 0.284385 1;
0.728553 0.284385 1;
0.734674 0.285327 1;
0.734674 0.286178 1;
0.73591 0.286178 1;
0.736994 0.287002 1;
0.736994 0.287747 1;
0.736994 0.287747 1;
0.734178 0.287747 1;
0.72616 0.288421 1;
0.718943 0.288321 1;
0.712668 0.290417 1;
0.702424 0.29294 1;
0.686797 0.296515 1;
0.686797 0.299735 1;
0.666041 0.299735 1;
0.666041 0.301333 1;
0.649896 0.301333 1;
0.649896 0.302774 1;
0.649896 0.302774 1;
0.63537 0.302774 1;
0.62159 0.303592 1;
0.62159 0.302945 1;
0.617063 0.302945 1;
0.617063 0.301606 1;
0.623611 0.301606 1;
0.623611 0.300402 1;
0.641257 0.300402 1;
0.641257 0.301198 0.998209;
0.641257 0.301198 0.998209;
0.645426 0.301198 0.998209;
0.645426 0.303533 1;
0.645426 0.303533 1;
0.645426 0.303533 1;
0.645426 0.303533 1;
0.639605 0.303533 1;
0.639605 0.306513 1;
0.639605 0.306513 1;
0.639605 0.306513 1;
0.630868 0.306513 1;
0.630868 0.309195 1;
0.630868 0.309195 1;
0.630868 0.309195 1;
0.622959 0.309195 1;
0.61584 0.311626 1;
0.61584 0.313816 1;
0.60943 0.313816 1;
0.60943 0.315787 1;
0.603664 0.315787 1;
0.59848 0.317563 0.985738;
0.607591 0.319163 1;
0.607591 0.322241 1;
0.649035 0.322241 1;
0.649035 0.325011 1;
0.649035 0.325011 1;
0.686284 0.325011 1;
