0.999999;
0;
1;
0;
1;
0;
0.344314;
0;
0.631542;
0.936421;
0.769421;
1;
0.933621;
0.789975;
0.469927;
0.592246;
0.567072;
0.747124;
1;
0;
0.405313;
0.406759;
0.657616;
0.878291;
0.585169;
0.367787;
0.623251;
0.552553;
0.46963;
0.719978;
0.612547;
0.562823;
0.813027;
0.497554;
0.520301;
0.497331;
0;
0.544262;
0.442018;
0.525611;
0.630923;
0.715051;
0.776582;
0.480146;
0.738899;
0.439463;
0.398276;
0.672347;
0.745974;
0.29133;
0.946808;
0.577391;
1;
0.497065;
0.704908;
0.50251;
0.347195;
0.551746;
0.449632;
0.505377;
0.466307;
0.518948;
0.44056;
0.415147;
0.444612;
0.488236;
0.475304;
0.477102;
0.522528;
0.447459;
0.513852;
0.275777;
0.173871;
0.00379236;
0.23746;
0.0404311;
0.549168;
0.474466;
0.497397;
0.23407;
0.725895;
0.534573;
0.518221;
0.670636;
0.503636;
0.547085;
0.501598;
0.279708;
0.277315;
0.637194;
0.333347;
0.702682;
0.488182;
0.503955;
0.766596;
0.0488924;
0.711603;
0.782376;
0.605256;
0.575634;
0.215088;
0.179713;
0.335431;
0.350086;
0.250017;
0.548014;
0.604082;
0.734885;
0.977435;
0.558497;
0.619263;
0.755205;
0.584539;
0.424866;
0.39831;
0.569402;
0.872604;
0.296813;
0.579759;
0.878616;
0.89581;
0.413136;
0.657109;
0.701587;
0.305724;
0.55276;
0.81896;
0.523828;
0.399603;
0.460029;
0.394547;
0.328788;
0.375127;
0.454869;
0.148039;
0.448384;
0.254788;
0.494584;
0.503475;
0.576325;
0.421174;
0.451879;
0.445251;
0.499472;
0.525974;
0.423058;
0.440813;
0.523613;
0.52743;
0.450765;
0.472688;
0.50578;
0.47465;
0.477514;
0.426304;
0.528379;
0.481263;
0.456702;
0.494921;
0.649059;
0.496743;
0.723363;
0.938671;
0.0329674;
0.144469;
0.505051;
0.267838;
1;
0.527126;
0.262432;
0.239064;
0.542415;
0.51415;
0.805893;
0.939642;
0.728713;
0.369596;
0.236897;
0.259882;
0.402275;
0.0677566;
0.573939;
0.791257;
0.605969;
0.339218;
0.135126;
0.234347;
0.595952;
0.435406;
0.774512;
0.600712;
0.397919;
0.40795;
0.401149;
0.461062;
0.526811;
0.679304;
0.442505;
0.839026;
0.0503318;
0.513812;
0.464606;
0.444014;
0.382989;
0.418871;
0.658734;
0.441634;
0.651396;
0.47098;
0.348598;
0.525102;
0.544343;
0.508628;
0.342731;
0.477775;
0.378374;
0.522916;
0.391138;
0.498117;
0.455067;
0.488774;
0.452548;
0.456357;
0.508382;
0.455086;
0.429348;
0.327422;
0.50705;
0.332172;
0.550032;
0.478697;
0.427898;
0.468333;
0.644465;
0.601918;
0.419348;
0.430654;
0.575853;
0.502849;
0.464949;
0.612389;
0.486727;
0.485176;
0.465722;
0.4879;
0.440411;
0.575469;
0.236384;
0.178726;
0.465191;
0.389101;
0.511835;
0.42247;
0.276202;
0.551724;
0.525672;
0.671311;
0.318634;
0.58053;
0.531749;
0.43037;
0.381357;
0.556638;
0.497187;
0.361102;
0.499809;
0.521953;
0.602456;
0.200472;
0.383949;
0.402042;
0.492569;
0.149365;
0.29336;
0.344997;
0.475746;
0.546652;
0.332278;
0.358338;
0.738155;
0.520176;
0.535912;
0.222961;
0.668019;
0.554092;
0.513305;
0.566126;
0.738478;
0.405052;
0.691306;
0.523626;
0.173151;
0.350341;
0.422147;
0.460552;
0.466423;
0.485599;
0.513907;
0.451861;
0.509539;
0.428175;
0.482046;
0.474252;
0.378267;
0.487239;
0.515259;
0.472556;
0.637059;
0.565389;
0.226189;
0.472881;
0.428692;
0.447141;
0.474243;
0.433503;
0.497104;
0.495362;
0.371843;
0.467402;
0.540934;
0.445418;
0.572018;
0.368972;
0.511601;
0.46787;
0.449528;
0.50124;
0.52418;
0.519738;
0.521896;
0.507539;
0.619922;
0.451367;
0.399231;
0.349022;
0.498046;
0.521779;
0.395728;
0.102602;
0.680219;
0.517634;
0.462108;
0.446649;
0.538946;
0.562489;
0.300998;
0.582451;
0.661506;
0.644188;
0.353667;
0.444023;
0.348137;
0.500852;
0.35971;
0.479195;
0.491211;
0.478631;
0.495243;
0.357158;
0.61966;
0.533962;
0.507325;
0.382058;
0.570628;
0.41274;
0.477489;
0;
0.739673;
0.198977;
0.62239;
0.780496;
0.658796;
0.243703;
0.689894;
0.338382;
0.440685;
0.629596;
0.635978;
0.644744;
0.366522;
0.693787;
0.395723;
0.41048;
0.610456;
0.438507;
0.214645;
0.390155;
0.250967;
0.497943;
0.667112;
0.541653;
0.280746;
0.659566;
0.415288;
0.7736;
0.48327;
0.467375;
0.510351;
0.589566;
0.481924;
0.492703;
0.465566;
0.41035;
0.950232;
0.567377;
0.878292;
0.42808;
0.278219;
0.304372;
0.615803;
0.507816;
0.516844;
0.581723;
0.541054;
0.566235;
0.647739;
0.770955;
0.366107 ;
0.432653;
0.546939;
0.480487;
0.48789;
0.3412;
0.561955;
0.538867;
0.509206;
0.477858;
0.344114;
0.486821;
0.535883;
0.31521;
0.426135;
0.634781;
0.574899;
0.686861;
0.447851;
0.327302;
0.478674;
0.0227597;
0.344988;
0.933508;
0.306685;
0.46028;
0.425497;
0.420451;
0.543962;
0.437928;
0.438125;
0.278217;
0.459722;
0.334395;
0.61297;
0.487593;
0.453271;
0.680769;
0.616432;
0.485566;
0.464564;
0.424968;
0.392248;
0.453095;
0.40256;
0.289252;
0.419367;
0.307606;
0.234746;
0.503258;
0.401495;
0.262038;
0.614338;
0.44111;
0.414813;
0.595346;
0.495772;
0.4689;
0.546707;
0.552764;
0.477597;
0.53692;
0.466887;
0.485091;
0.521395;
0.469641;
0.485226;
0.496776;
0.523996;
0.445203;
0.553613;
0.44836;
0.51116;
0.53536;
0.386461;
0.655442;
0.668066;
0.554374;
0.498041;
0.517004;
0.504144;
0.516983;
0.532718;
0.479712;
0.490826;
0.492659;
0.48607;
0.489648;
0.484159;
0.482525;
0.482355;
0.480748;
0.482665;
0.480152;
0.482712;
0.482779;
0.481651;
0.481268;
0.479004;
0.480439;
0.482003;
0.481098;
0.480855;
0.481784;
0.482566;
0.480511;
0.481129;
0.481084;
0.48195;
0.481456;
0.479952;
0.484454;
0.481614;
0.48314;
0.482115;
0.482056;
0.477388;
