0.629035 0.356852 0.900462;
0.630763 0.356852 0.921141;
0.630763 0.351608 0.921141;
0.632315 0.351608 0.831082;
0.632315 0.351288 0.831082;
0.632315 0.351288 0.831082;
0.633711 0.351288 0.836556;
0.633711 0.350999 0.836556;
0.633711 0.350999 0.836556;
0.633711 0.350999 0.836556;
0.631243 0.350999 0.807078;
0.631243 0.35052 0.807078;
0.625052 0.35052 0.754203;
0.625052 0.347928 0.754203;
0.625052 0.347928 0.754203;
0.625052 0.347928 0.754203;
0.615203 0.347928 0.687581;
0.615203 0.345594 0.687581;
0.601378 0.345594 0.763182;
0.601378 0.343493 0.763182;
0.588935 0.343493 0.810313;
0.588935 0.338611 0.810313;
0.577736 0.338611 0.770271;
0.577736 0.332661 0.770271;
0.570851 0.332661 0.769926;
0.570851 0.327306 0.769926;
0.567255 0.327306 0.7969;
0.567255 0.31789 0.7969;
0.564018 0.31789 0.814189;
0.564018 0.305269 0.814189;
0.561105 0.305269 0.750993;
0.561105 0.293911 0.750993;
0.557195 0.293911 0.708859;
0.557195 0.283689 0.708859;
0.552687 0.283689 0.681777;
0.552687 0.273763 0.681777;
0.549662 0.273763 0.695089;
0.549662 0.269872 0.695089;
0.549662 0.269872 0.695089;
0.549662 0.269872 0.695089;
0.549662 0.269872 0.68137;
0.546938 0.269872 0.68137;
0.546938 0.271845 0.68137;
0.546938 0.271845 0.68137;
0.546473 0.271845 0.714109;
0.546473 0.276402 0.714109;
0.547051 0.276402 0.725763;
0.547051 0.282108 0.725763;
0.547571 0.282108 0.848671;
0.547571 0.287244 0.848671;
0.548039 0.287244 0.95411;
0.548039 0.291867 0.95411;
0.54846 0.291867 0.946744;
0.54846 0.296027 0.946744;
0.54884 0.296027 0.953093;
0.54884 0.294742 0.953093;
0.547198 0.294742 1;
0.547198 0.287934 1;
0.547198 0.287934 1;
0.547198 0.287934 1;
0.540799 0.287934 1;
0.540799 0.281808 1;
0.540799 0.281808 1;
0.530949 0.281808 1;
0.530949 0.276295 1;
0.530949 0.276295 1;
0.530949 0.276295 1;
0.525025 0.276295 1;
0.525025 0.272711 1;
0.525025 0.272711 1;
0.525025 0.272711 1;
0.519693 0.272711 1;
0.519693 0.269487 1;
0.519693 0.269487 1;
0.519693 0.269487 1;
0.518217 0.269487 1;
0.518217 0.265962 1;
0.518217 0.265962 1;
0.526204 0.265962 1;
0.526204 0.25965 1;
0.526204 0.25965 1;
0.526204 0.25965 1;
0.538054 0.25965 1;
0.538054 0.250529 1;
0.538054 0.250529 1;
0.538054 0.250529 1;
0.551828 0.250529 0.997304;
0.551828 0.241616 0.997304;
0.551828 0.241616 0.997304;
0.551828 0.241616 0.997304;
0.564225 0.241616 0.918218;
0.564225 0.233536 0.918218;
0.575382 0.233536 0.857118;
0.575382 0.226639 0.857118;
0.583715 0.226639 0.805978;
0.583715 0.221201 0.805978;
0.574479 0.221201 0.760958;
0.574479 0.217322 0.760958;
0.574479 0.217322 0.736365;
0.550186 0.217322 0.736365;
0.550186 0.214431 0.736365;
0.550186 0.214431 0.736365;
0.550186 0.214431 0.736365;
0.550186 0.214431 0.720795;
0.527009 0.214431 0.720795;
0.527009 0.214675 0.720795;
0.527009 0.214675 0.720795;
0.527009 0.214675 0.720795;
0.527009 0.214675 0.687559;
0.506152 0.214675 0.687559;
0.506152 0.217496 0.687559;
0.506152 0.217496 0.687559;
0.506152 0.217496 0.687559;
0.506152 0.217496 0.643786;
0.488696 0.217496 0.643786;
0.488696 0.221499 0.643786;
0.47299 0.221499 0.572659;
0.47299 0.22687 0.572659;
0.45943 0.22687 0.524574;
0.45943 0.23285 0.524574;
0.451805 0.23285 0.496658;
0.451805 0.237089 0.496658;
0.450734 0.237089 0.46051;
0.450734 0.239141 0.46051;
0.443986 0.239141 0.417124;
0.443986 0.242374 0.417124;
0.435098 0.242374 0.380344;
0.435098 0.245896 0.380344;
0.423213 0.245896 0.341072;
0.423213 0.24803 0.341072;
0.392989 0.24803 0.337016;
0.392989 0.249953 0.337016;
0.36582 0.249953 0.35233;
0.36582 0.252378 0.35233;
0.341409 0.252378 0.354265;
0.341409 0.254562 0.354265;
0.320496 0.254562 0.35213;
0.320496 0.256132 0.35213;
0.308036 0.256132 0.365641;
0.308036 0.257547 0.365641;
0.308036 0.257547 0.365641;
0.308036 0.257547 0.365641;
0.308036 0.257547 0.353944;
0.296862 0.257547 0.353944;
0.296862 0.260445 0.353944;
0.296862 0.260445 0.353944;
0.296862 0.260445 0.353944;
0.289781 0.260445 0.324473;
0.289781 0.263169 0.324473;
0.289781 0.263169 0.324473;
0.289781 0.263169 0.324473;
0.278646 0.263169 0.356405;
0.278646 0.270095 0.356405;
0.278646 0.270095 0.356405 ;
0.278646 0.270095 0.356405;
0.264077 0.270095 0.432202;
0.264077 0.279866 0.432202;
0.264077 0.279866 0.432202;
0.264077 0.279866 0.432202;
0.264077 0.279866 0.432202;
0.264077 0.279866 0.432202;
0.251029 0.279866 0.500807;
0.251029 0.29242 0.500807;
0.251029 0.29242 0.500807;
0.251029 0.29242 0.500807;
0.251029 0.29242 0.500807;
0.240952 0.29242 0.489453;
0.240952 0.305058 0.489453;
0.240952 0.305058 0.489453;
0.240952 0.305058 0.489453;
0.23653 0.305058 0.499598;
0.23653 0.316433 0.499598;
0.246134 0.316433 0.583062;
0.246134 0.326671 0.583062;
0.27837 0.326671 0.65736;
0.27837 0.327965 0.65736;
0.27837 0.327965 0.65736;
0.27837 0.327965 0.65736;
0.318164 0.327965 0.682344;
0.318164 0.320781 0.682344;
0.318164 0.320781 0.682344;
0.318164 0.320781 0.682344;
0.353936 0.320781 0.655938;
0.353936 0.311522 0.655938;
0.353936 0.311522 0.655938;
0.353936 0.311522 0.655938;
0.386365 0.311522 0.580256;
0.386365 0.299835 0.580256;
0.386365 0.299835 0.580256;
0.386365 0.299835 0.580256;
0.386365 0.299835 0.534496;
0.413436 0.299835 0.534496;
0.413436 0.288013 0.534496;
0.413436 0.288013 0.534496;
0.413436 0.288013 0.534496;
0.437791 0.288013 0.503951;
0.437791 0.277374 0.503951;
0.461083 0.277374 0.454013;
0.461083 0.265391 0.454013;
0.482043 0.265391 0.450868;
0.482043 0.254609 0.450868;
0.500906 0.254609 0.419773;
0.500906 0.245859 0.419773;
0.516997 0.245859 0.402904;
0.516997 0.237558 0.402904;
0.516997 0.237558 0.402904;
0.516997 0.237558 0.402904;
0.516997 0.237558 0.404763;
0.533884 0.237558 0.404763;
0.533884 0.230089 0.404763;
0.533884 0.230089 0.404763;
0.533884 0.230089 0.404763;
0.552994 0.230089 0.43763;
0.552994 0.22337 0.43763;
0.552994 0.22337 0.43763;
0.552994 0.22337 0.43763;
0.569626 0.22337 0.424437;
0.569626 0.220279 0.424437;
0.569626 0.220279 0.424437;
0.569626 0.220279 0.424437;
0.580328 0.220279 0.387481;
0.580328 0.217501 0.387481;
0.580328 0.217501 0.387481;
0.580328 0.217501 0.387481;
0.594225 0.217501 0.340654;
0.594225 0.213327 0.340654;
0.594225 0.213327 0.340654;
0.594225 0.213327 0.340654;
0.594225 0.213327 0.379602;
0.611418 0.213327 0.379602;
0.611418 0.209574 0.379602;
0.611418 0.209574 0.379602;
0.611418 0.209574 0.379602;
0.611418 0.209574 0.379602;
0.630004 0.209574 0.393646;
0.630004 0.203585 0.393646;
0.630004 0.203585 0.393646;
0.630004 0.203585 0.393646;
0.64835 0.203585 0.389207;
0.64835 0.198198 0.389207;
0.64835 0.198198 0.389207;
0.64835 0.198198 0.389207;
0.667029 0.198198 0.333015;
0.667029 0.193354 0.333015;
0.667029 0.193354 0.333015;
0.687442 0.193354 0.315459;
0.687442 0.188871 0.315459;
0.687442 0.188871 0.315459;
0.687442 0.188871 0.315459;
0.705797 0.188871 0.290243;
0.705797 0.183842 0.290243;
0.719726 0.183842 0.272712;
0.719726 0.17932 0.272712;
0.732242 0.17932 0.27417;
0.732242 0.173715 0.27417;
0.740287 0.173715 0.287822;
0.740287 0.168358 0.287822;
0.740287 0.168358 0.287822;
0.742597 0.168358 0.271498;
0.742597 0.161781 0.271498;
0.744664 0.161781 0.243544;
0.744664 0.154481 0.243544;
0.746512 0.154481 0.240757;
0.746512 0.147917 0.240757;
0.744504 0.147917 0.254092;
0.744504 0.142016 0.254092;
0.744504 0.142016 0.254092;
0.744504 0.142016 0.254092;
0.74116 0.142016 0.234648;
0.74116 0.141291 0.234648;
0.74116 0.141291 0.234648;
0.74116 0.141291 0.234648;
0.734469 0.141291 0.226457;
0.734469 0.147344 0.226457;
0.734469 0.147344 0.226457;
0.734469 0.147344 0.226457;
0.71716 0.147344 0.222857;
0.71716 0.155502 0.222857;
0.71716 0.155502 0.222857;
0.71716 0.155502 0.222857;
0.695815 0.155502 0.24791;
0.695815 0.162846 0.24791;
0.695815 0.162846 0.24791;
0.695815 0.162846 0.24791;
0.676611 0.162846 0.233935;
0.676611 0.16946 0.233935;
0.676611 0.16946 0.233935;
0.676611 0.16946 0.233935;
0.659332 0.16946 0.202558;
0.659332 0.176528 0.202558;
0.649649 0.176528 0.18774;
0.649649 0.184806 0.18774;
0.640934 0.184806 0.153245;
0.640934 0.196249 0.153245;
0.63309 0.196249 0.157165;
0.63309 0.209857 0.157165;
0.611175 0.209857 0.143073;
0.611175 0.22581 0.143073;
0.571079 0.22581 0.171871;
0.571079 0.242069 0.171871;
0.534992 0.242069 0.190461 ;
0.534992 0.256702 0.190461;
0.534992 0.256702 0.190461;
0.502515 0.256702 0.166023;
0.502515 0.267154 0.166023;
0.502515 0.267154 0.166023;
0.502515 0.267154 0.166023;
0.475377 0.267154 0.189219;
0.475377 0.272855 0.189219;
0.475377 0.272855 0.189219;
0.455227 0.272855 0.216116;
0.455227 0.275191 0.216116;
0.455227 0.275191 0.216116;
0.438419 0.275191 0.205309;
0.438419 0.27343 0.205309;
0.425692 0.27343 0.173705;
0.425692 0.271847 0.173705;
0.414248 0.271847 0.171324;
0.414248 0.269896 0.171324;
0.412748 0.269896 0.156177;
0.412748 0.266538 0.156177;
0.424088 0.266538 0.149901;
0.424088 0.260474 0.149901;
0.439995 0.260474 0.185503;
0.439995 0.254335 0.185503;
0.455387 0.254335 0.205403;
0.455387 0.249791 0.205403;
0.469238 0.249791 0.201265;
0.469238 0.245703 0.201265;
0.480405 0.245703 0.186518;
0.480405 0.241784 0.186518;
0.486048 0.241784 0.183302;
0.486048 0.241266 0.183302;
0.486205 0.241266 0.166031;
0.486205 0.241263 0.166031;
0.485408 0.241263 0.164517;
0.485408 0.242206 0.164517;
0.482766 0.242206 0.152099;
0.482766 0.242566 0.152099;
0.477947 0.242566 0.140195;
0.477947 0.242892 0.140195;
0.468581 0.242892 0.13266;
0.468581 0.244352 0.13266;
0.458137 0.244352 0.119482;
0.458137 0.24749 0.119482;
0.447294 0.24749 0.102199;
0.447294 0.252838 0.102199;
0.447294 0.252838 0.102199;
0.447294 0.252838 0.102199;
0.447294 0.252838 0.102199;
0.437542 0.252838 0.113506;
0.437542 0.267089 0.113506;
0.437542 0.267089 0.113506;
0.437542 0.267089 0.113506;
0.428773 0.267089 0.135965;
0.428773 0.290706 0.135965;
0.429462 0.290706 0.126239;
0.429462 0.314271 0.126239;
0.439198 0.314271 0.122448;
0.439198 0.335479 0.122448;
0.447959 0.335479 0.114849;
0.447959 0.353006 0.114849;
0.460293 0.353006 0.105073;
0.460293 0.355667 0.105073;
0.472171 0.355667 0.0976981;
0.472171 0.344956 0.0976981;
0.482592 0.344956 0.0785674;
0.482592 0.329202 0.0785674;
0.491972 0.329202 0.0846549;
0.491972 0.31034 0.0846549;
0.503081 0.31034 0.0905094;
0.503081 0.29264 0.0905094;
0.515725 0.29264 0.0843176;
0.515725 0.276347 0.0843176;
0.534652 0.276347 0.100884;
0.534652 0.261801 0.100884;
0.556947 0.261801 0.111125;
0.556947 0.248712 0.111125;
0.577012 0.248712 0.109108;
0.577012 0.237081 0.109108;
0.577012 0.237081 0.109108;
0.592937 0.237081 0.109742;
0.592937 0.22947 0.109742;
0.592937 0.22947 0.109742;
0.592937 0.22947 0.109742;
0.607267 0.22947 0.105259;
0.607267 0.225342 0.105259;
0.612483 0.225342 0.119461;
0.612483 0.221893 0.119461;
0.604455 0.221893 0.113702;
0.604455 0.227 0.113702;
0.591005 0.227 0.111575;
0.591005 0.236447 0.111575;
0.578899 0.236447 0.115749;
0.578899 0.245115 0.115749;
0.561646 0.245115 0.132524;
0.561646 0.254485 0.132524;
0.561646 0.254485 0.132524;
0.542059 0.254485 0.155064;
0.542059 0.262797 0.155064;
0.542059 0.262797 0.155064;
0.542059 0.262797 0.155064;
0.530792 0.262797 0.245195;
0.530792 0.270093 0.245195;
0.530792 0.270093 0.245195;
0.530792 0.270093 0.245195;
0.524719 0.270093 0.320649;
0.524719 0.276104 0.320649;
0.519369 0.276104 0.331178;
0.519369 0.281514 0.331178;
0.51127 0.281514 0.31869;
0.51127 0.286385 0.31869;
0.503983 0.286385 0.27441;
0.503983 0.289385 0.27441;
0.497426 0.289385 0.274986;
0.497426 0.289443 0.274986;
0.497426 0.289443 0.274986;
0.497426 0.289443 0.274986;
0.483534 0.289443 0.335371;
0.483534 0.288061 0.335371;
0.483534 0.288061 0.335371;
0.464288 0.288061 0.319702;
0.464288 0.286818 0.319702;
0.446974 0.286818 0.33395;
0.446974 0.286343 0.33395;
0.4314 0.286343 0.407998;
0.4314 0.283388 0.407998;
0.418882 0.283388 0.430524;
0.418882 0.279124 0.430524;
0.418882 0.279124 0.430524;
0.418882 0.279124 0.430524;
0.418882 0.279124 0.400038;
0.410645 0.279124 0.400038;
0.410645 0.275288 0.400038;
0.410645 0.275288 0.400038;
0.410645 0.275288 0.400038;
0.410645 0.275288 0.394096;
0.40497 0.275288 0.394096;
0.40497 0.269768 0.394096;
0.40497 0.269768 0.394096;
0.40497 0.269768 0.394096;
0.40107 0.269768 0.336547;
0.40107 0.262734 0.336547;
0.404251 0.262734 0.313214;
0.404251 0.256405 0.313214;
0.404251 0.256405 0.313214;
0.404251 0.256405 0.313214 ;
0.413825 0.256405 0.330111;
0.413825 0.250711 0.330111;
0.418557 0.250711 0.309002;
0.418557 0.246002 0.309002;
0.42317 0.246002 0.327169;
0.42317 0.242292 0.327169;
0.430885 0.242292 0.349086;
0.430885 0.240017 0.349086;
0.437829 0.240017 0.332202;
0.437829 0.238936 0.332202;
0.440193 0.238936 0.300932;
0.440193 0.238976 0.300932;
0.430815 0.238976 0.288756;
0.430815 0.240407 0.288756;
0.417273 0.240407 0.293074;
0.417273 0.243618 0.293074;
0.405097 0.243618 0.289533;
0.405097 0.247935 0.289533;
0.394152 0.247935 0.26793;
0.394152 0.251822 0.26793;
0.391855 0.251822 0.24978;
0.391855 0.253895 0.24978;
0.389795 0.253895 0.227966;
0.389795 0.255763 0.227966;
0.387949 0.255763 0.221192;
0.387949 0.258873 0.221192;
0.387924 0.258873 0.198436;
0.387924 0.266172 0.198436;
0.391728 0.266172 0.176585;
0.391728 0.276737 0.176585;
0.395155 0.276737 0.176731;
0.395155 0.286247 0.176731;
0.401137 0.286247 0.153871;
0.401137 0.294806 0.153871;
0.420548 0.294806 0.126536;
0.420548 0.30251 0.126536;
0.442837 0.30251 0.116164;
0.442837 0.306787 0.116164;
0.462894 0.306787 0.133925;
0.462894 0.307378 0.133925;
0.479515 0.307378 0.116457;
0.479515 0.307443 0.116457;
0.494473 0.307443 0.0946792;
0.494473 0.307503 0.0946792;
0.505019 0.307503 0.0987034;
0.505019 0.307557 0.0987034;
0.506079 0.307557 0.0945932;
0.506079 0.307606 0.0945932;
0.499344 0.307606 0.126197;
0.499344 0.308833 0.126197;
0.489608 0.308833 0.141497;
0.489608 0.310389 0.141497;
0.478107 0.310389 0.112558;
0.478107 0.312272 0.112558;
0.463771 0.312272 0.111174;
0.463771 0.313485 0.111174;
0.450874 0.313485 0.0897101;
0.450874 0.314578 0.0897101;
0.439274 0.314578 0.0974372;
0.439274 0.315562 0.0974372;
0.431393 0.315562 0.0940423;
0.431393 0.314868 0.0940423;
0.427165 0.314868 0.113747;
0.427165 0.314765 0.113747;
0.423365 0.314765 0.120239;
0.423365 0.315319 0.120239;
0.423365 0.315319 0.120239;
0.419951 0.315319 0.12608;
0.419951 0.317111 0.12608;
0.419951 0.317111 0.12608;
0.419951 0.317111 0.12608;
0.416884 0.317111 0.112151;
0.416884 0.321573 0.112151;
0.416884 0.321573 0.112151;
0.414489 0.321573 0.132394;
0.414489 0.325591 0.132394;
0.406735 0.325591 0.139589;
0.406735 0.330131 0.139589;
0.40341 0.330131 0.15541;
0.40341 0.334216 0.15541;
0.407537 0.334216 0.15929;
0.407537 0.33504 0.15929;
0.416882 0.33504 0.158352;
0.416882 0.33446 0.158352;
0.429702 0.33446 0.175628;
0.429702 0.330144 0.175628;
0.44277 0.330144 0.187594;
0.44277 0.322112 0.187594;
0.459899 0.322112 0.184004;
0.459899 0.309481 0.184004;
0.484609 0.309481 0.164483;
0.484609 0.295699 0.164483;
0.484609 0.295699 0.164483;
0.515303 0.295699 0.140799;
0.515303 0.282821 0.140799;
0.542927 0.282821 0.115477;
0.542927 0.271231 0.115477;
0.567789 0.271231 0.0851221;
0.567789 0.260802 0.0851221;
0.587395 0.260802 0.073373;
0.587395 0.252503 0.073373;
0.597441 0.252503 0.061284;
0.597441 0.251849 0.061284;
0.604852 0.251849 0.0606276;
0.604852 0.258666 0.0606276;
0.611521 0.258666 0.0484727;
0.611521 0.269251 0.0484727;
0.619149 0.269251 0.0665557;
0.619149 0.282916 0.0665557;
0.630104 0.282916 0.125118;
0.630104 0.295214 0.125118;
0.630104 0.295214 0.125118;
0.630104 0.295214 0.125118;
0.64259 0.295214 0.141159;
