0.50071;
0.499773;
0.501595;
0.479229;
0.544917;
0.418404;
0.461964;
0.406314;
0.493848;
0.536105;
0.512958;
0.557924;
0.547861;
0.526082;
0.47756;
0.496105;
0.492288;
0.519586;
0.584832;
0.37825;
0.461981;
0.462279;
0.514102;
0.55969;
0.499136;
0.454228;
0.507003;
0.492398;
0.475267;
0.526985;
0.504791;
0.494519;
0.546207;
0.481036;
0.485735;
0.48099;
0.367386;
0.485734;
0.463501;
0.481678;
0.504578;
0.522871;
0.536251;
0.471792;
0.528057;
0.462946;
0.45399;
0.513585;
0.529595;
0.430735;
0.573266;
0.492938;
0.65233;
0.509022;
0.568245;
0.510573;
0.466317;
0.524603;
0.495506;
0.51139;
0.500257;
0.515257;
0.492921;
0.48568;
0.494075;
0.506506;
0.502821;
0.503333;
0.516277;
0.494887;
0.513805;
0.445967;
0.416929;
0.368466;
0.435049;
0.378907;
0.523868;
0.502582;
0.509116;
0.434083;
0.574225;
0.519709;
0.51505;
0.55848;
0.510894;
0.523274;
0.510313;
0.447087;
0.446405;
0.54895;
0.462371;
0.567611;
0.506491;
0.510985;
0.585823;
0.381317;
0.570153;
0.590319;
0.53985;
0.531409;
0.428674;
0.418594;
0.462965;
0.467141;
0.438627;
0.523539;
0.539515;
0.576787;
0.6459;
0.526526;
0.543841;
0.582577;
0.533947;
0.488449;
0.480882;
0.529633;
0.616029;
0.451961;
0.532585;
0.617742;
0.622642;
0.485107;
0.554625;
0.567299;
0.4545;
0.524892;
0.600744;
0.516648;
0.48125;
0.498468;
0.47981;
0.461072;
0.474276;
0.496998;
0.409569;
0.49515;
0.439986;
0.508315;
0.510848;
0.531606;
0.487397;
0.496146;
0.494257;
0.509708;
0.517259;
0.487934;
0.492993;
0.516586;
0.517674;
0.495829;
0.502075;
0.511505;
0.502634;
0.503451;
0.488859;
0.517944;
0.504519;
0.497521;
0.508411;
0.552331;
0.50893;
0.573504;
0.634854;
0.37678;
0.408552;
0.511297;
0.443705;
0.656143;
0.519597;
0.443165;
0.436417;
0.524012;
0.51585;
0.600093;
0.638714;
0.577807;
0.47411;
0.435792;
0.442429;
0.483546;
0.386951;
0.533115;
0.595867;
0.542364;
0.465338;
0.406405;
0.435055;
0.539471;
0.493113;
0.591032;
0.540846;
0.482288;
0.485184;
0.483221;
0.500521;
0.519506;
0.56354;
0.495162;
0.609661;
0.38192;
0.515753;
0.501544;
0.495598;
0.477977;
0.488338;
0.5576;
0.494911;
0.555481;
0.503385;
0.468046;
0.519013;
0.524569;
0.514256;
0.466352;
0.505347;
0.476644;
0.518382;
0.48033;
0.511221;
0.49879;
0.508523;
0.498062;
0.499162;
0.514185;
0.498795;
0.491363;
0.461931;
0.5138;
0.463303;
0.526212;
0.505613;
0.490945;
0.50262;
0.55348;
0.541194;
0.488476;
0.49174;
0.533668;
0.512587;
0.501643;
0.544218;
0.507932;
0.507484;
0.501866;
0.508271;
0.494558;
0.533557;
0.435644;
0.418994;
0.501713;
0.479742;
0.515182;
0.489377;
0.447141;
0.5267;
0.519178;
0.561232;
0.459394;
0.535018;
0.520932;
0.491658;
0.477506;
0.528119;
0.510952;
0.471657;
0.511709;
0.518104;
0.54135;
0.425274;
0.478254;
0.483478;
0.509619;
0.410516;
0.452096;
0.467006;
0.504761;
0.525236;
0.463334;
0.470859;
0.580534;
0.517591;
0.522135;
0.431767;
0.560281;
0.527384;
0.515607;
0.530859;
0.580627;
0.484348;
0.567006;
0.518587;
0.417385;
0.46855;
0.489284;
0.500374;
0.502069;
0.507606;
0.51578;
0.497864;
0.514519;
0.491025;
0.50658;
0.50433;
0.476613;
0.50808;
0.516171;
0.50384;
0.551341;
0.530646;
0.4327;
0.503934;
0.491174;
0.496501;
0.504327;
0.492563;
0.510928;
0.510425;
0.474758;
0.502352;
0.523585;
0.496004;
0.53256;
0.473929;
0.515114;
0.502487;
0.49719;
0.512123;
0.518747;
0.517464;
0.518087;
0.513941;
0.546393;
0.497721;
0.482667;
0.468168;
0.5112;
0.518053;
0.481655;
0.397013;
0.563804;
0.516856;
0.500823;
0.496359;
0.523011;
0.529809;
0.454301;
0.535573;
0.558401;
0.5534;
0.46951;
0.495601;
0.467913;
0.512011;
0.471255;
0.505757;
0.509227;
0.505594;
0.510391;
0.470518;
0.546317;
0.521571;
0.51388;
0.477708;
0.532159;
0.486568;
0.505264;
0.354809;
0.577698;
0.414768;
0.542356;
0.589999;
0.553327;
0.428245;
0.562698;
0.456775;
0.487602;
0.544528;
0.546451;
0.549093;
0.465255;
0.563871;
0.474054;
0.478501;
0.53876;
0.486946;
0.419489;
0.472376;
0.430434;
0.504856;
0.555833;
0.518028;
0.439407;
0.553559;
0.47995;
0.587921;
0.500435;
0.495645;
0.508595;
0.532465;
0.500029;
0.503278;
0.4951;
0.478462;
0.641147;
0.525779;
0.619469;
0.483804;
0.438646;
0.446527;
0.540372;
0.507831;
0.510552 ;
0.530102;
0.517847;
0.525435;
0.549995;
0.587124;
0.46513;
0.485182;
0.519621;
0.499596;
0.501827;
0.457624;
0.524145;
0.517188;
0.50825;
0.498804;
0.458502;
0.501505;
0.516289;
0.449793;
0.483218;
0.54609;
0.528046;
0.561784;
0.489762;
0.453437;
0.49905;
0.361667;
0.458766;
0.636107;
0.447224;
0.493507;
0.483026;
0.481505;
0.518723;
0.486772;
0.486831;
0.438645;
0.493339;
0.455574;
0.539518;
0.501737;
0.491395;
0.559948;
0.540561;
0.501127;
0.494798;
0.482867;
0.473007;
0.491342;
0.476114;
0.441971;
0.481179;
0.447501;
0.425546;
0.506458;
0.475793;
0.43377;
0.53993;
0.487731;
0.479806;
0.534207;
0.504202;
0.496105;
0.519551;
0.521376;
0.498725;
0.516601;
0.495498;
0.500984;
0.511923;
0.496328;
0.501024;
0.504505;
0.512707;
0.488964;
0.521632;
0.489915;
0.508839;
0.516131;
0.471263;
0.552316;
0.55612;
0.521861;
0.504886;
0.5106;
0.506725;
0.510594;
0.515335;
0.499363;
0.502712;
0.503264;
0.501279;
0.502357;
0.500703;
0.50021;
0.500159;
0.499675;
0.500253;
0.499495;
0.500267;
0.500287;
0.499947;
0.499832;
0.499149;
0.499582;
0.500053;
0.49978;
0.499707;
0.499987;
0.500223;
0.499604;
0.49979;
0.499776;
0.500037;
