0.500153;
0.49929;
0.499362;
0.500227;
0.500199;
0.498405;
0.459142;
0.520771;
0.442914;
0.455083;
0.474516;
0.581596;
0.613727;
0.538036;
0.532528;
0.593686;
0.623788;
0.506152;
0.539138;
0.463895;
0.492906;
0.487042;
0.514817;
0.442076;
0.570941;
0.452139;
0.483708;
0.473918;
0.475339;
0.52244;
0.540819;
0.503895;
0.455938;
0.507712;
0.565522;
0.480414;
0.505067;
0.415168;
0.525976;
0.62175;
0.379389;
0.538019;
0.427602;
0.537721;
0.558868;
0.485898;
0.440856;
0.440311;
0.463273;
0.500864;
0.522983;
0.545772;
0.490996;
0.492997;
0.462511;
0.507602;
0.505858;
0.524733;
0.492873;
0.473015;
0.552611;
0.495209;
0.460446;
0.505481;
0.493269;
0.453793;
0.449838;
0.518964;
0.562986;
0.514265;
0.563576;
0.51901;
0.485568;
0.632614;
0.494933;
0.514266;
0.527843;
0.536499;
0.520044;
0.518322;
0.518631;
0.495422;
0.478899;
0.477129;
0.516146;
0.463749;
0.459632;
0.528208;
0.49155;
0.471943;
0.493765;
0.537054;
0.535016;
0.54601;
0.525507;
0.486415;
0.469048;
0.470405;
0.575118;
0.569265;
0.445312;
0.426734;
0.44154;
0.507062;
0.508051;
0.34767;
0.423667;
0.490978;
0.544456;
0.431755;
0.49639;
0.489427;
0.597958;
0.533683;
0.50628;
0.475397;
0.577511;
0.504494;
0.489798;
0.48861;
0.46423;
0.499743;
0.494339;
0.484743;
0.492073;
0.507079;
0.50235;
0.51432;
0.496795;
0.505925;
0.497925;
0.493494;
0.490782;
0.497179;
0.491031;
0.496667;
0.489286;
0.483723;
0.492494;
0.505113;
0.486801;
0.486195;
0.500018;
0.554033;
0.485384;
0.583071;
0.521464;
0.631534;
0.663553;
0.564951;
0.563409;
0.621094;
0.487773;
0.476132;
0.542829;
0.497418;
0.493597;
0.490884;
0.521242;
0.565917;
0.454338;
0.425775;
0.509318;
0.480291;
0.452013;
0.48495;
0.453862;
0.44152;
0.459276;
0.489106;
0.512742;
0.476726;
0.575744;
0.489687;
0.512069;
0.552913;
0.470289;
0.553595;
0.521939;
0.45105;
0.557881;
0.537629;
0.47454;
0.432389;
0.504828;
0.493509;
0.444908;
0.489015;
0.459193;
0.414177;
0.519458;
0.618683;
0.532257;
0.429847;
0.607564;
0.409681;
0.463317;
0.46015;
0.508321;
0.468591;
0.456085;
0.571326;
0.467734;
0.581406;
0.486338;
0.537035;
0.538878;
0.532859;
0.532924;
0.561373;
0.529535;
0.476461;
0.492584;
0.460485;
0.456248;
0.423213;
0.589754;
0.3541;
0.562919;
0.473474;
0.623963;
0.456159;
0.50522;
0.417423;
0.452089;
0.466053;
0.483201;
0.511551;
0.529118;
0.519118;
0.528203;
0.470367;
0.461505;
0.383971;
0.378695;
0.548039;
0.448408;
0.467415;
0.589594;
0.382258;
0.434775;
0.377358;
0.441221;
0.514893;
0.508589;
0.445375;
0.445904;
0.432701;
0.575097;
0.5455;
0.41676;
0.475108;
0.608505;
0.399256;
0.55602;
0.483352;
0.537964;
0.51875;
0.5092;
0.501532;
0.513323;
0.52019;
0.501908;
0.538928;
0.400244;
0.525724;
0.514813;
0.503002;
0.443364;
0.590431;
0.528342;
0.50485;
0.59967;
0.560014;
0.518561;
0.491685;
0.490201;
0.489152;
0.484039;
0.468394;
0.46227;
0.512603;
0.492082;
0.503854;
0.519033;
0.505743;
0.474922;
0.490292;
0.497315;
0.482741;
0.491423;
0.512066;
0.513173;
0.507007;
0.484296;
0.483414;
0.487677;
0.482326;
0.498064;
0.504171;
0.494698;
0.497925;
0.508813;
0.488495;
0.488964;
0.497366;
0.488953;
0.496549;
0.496259;
0.511141;
0.505957;
0.482056;
0.508616;
0.495481;
0.508731;
0.502479;
0.486199;
0.491589;
0.506155;
0.447669;
0.48306;
0.49107;
0.573984;
0.426496;
0.489804;
0.365146;
0.518045;
0.62322;
0.571887;
0.591448;
0.544357;
0.488703;
0.503531;
0.556295;
0.52595;
0.343857;
0.469828;
0.480403;
0.514446;
0.556835;
0.59254;
0.563583;
0.415472;
0.475988;
0.484557;
0.484149;
0.529611;
0.399907;
0.358879;
0.361286;
0.563003;
0.422193;
0.5712;
0.525891;
0.528892;
0.564208;
0.63256;
0.557571;
0.376762;
0.516454;
0.551942;
0.613049;
0.534455;
0.466885;
0.438493;
0.404133;
0.495584;
0.457636;
0.582445;
0.534662;
0.442159;
0.593595;
0.576294;
0.564945;
0.547481;
0.460529;
0.59304;
0.506887;
0.533457;
0.408968;
0.546248;
0.459154;
0.534359;
0.517712;
0.48581;
0.514816;
0.508652;
0.516779;
0.458717;
0.499479;
0.541218;
0.480494;
0.521949;
0.43646;
0.479455;
0.504838;
0.510553;
0.390339;
0.627192;
0.61808;
0.49131;
0.484247;
0.543885;
0.498456;
0.535441;
0.504402;
0.438527;
0.522023;
0.466996;
0.511662;
0.455822 ;
0.4424;
0.503464;
0.505089;
0.468794;
0.444519;
0.477069;
0.496615;
0.462184;
0.531954;
0.512671;
0.480987;
0.540749;
0.475431;
0.485749;
0.485744;
0.496448;
0.533648;
0.518494;
0.494653;
0.47633;
0.523356;
0.49059;
0.481618;
0.500878;
0.51967;
0.481434;
0.488779;
0.50187;
0.50121;
0.491877;
0.491477;
0.503796;
0.501938;
0.49096;
0.500838;
0.498108;
0.485815;
0.499256;
0.501205;
0.522246;
0.508637;
0.561307;
0.538069;
0.447564;
0.4862;
0.418522;
0.536697;
0.512875;
0.473788;
0.467807;
0.494387;
0.469694;
0.509055;
0.491818;
0.49738;
0.510365;
0.44652;
0.52885;
0.458806;
0.485002;
0.511524;
0.493592;
0.50826;
0.514336;
0.466332;
0.479451;
0.487413;
0.490977;
0.498357;
0.478066;
0.455782;
0.485647;
0.492068;
0.481886;
0.492516;
0.527244;
0.498134;
0.467203;
0.491729;
0.493458;
0.505442;
0.550841;
0.466443;
0.476813;
0.564356;
0.586091;
0.581006;
0.479567;
0.498287;
0.49404;
0.520258;
0.485908;
0.484818;
0.522723;
0.510623;
0.438028;
0.552859;
0.44392;
0.4733;
0.516906;
0.480822;
0.461275;
0.438768;
0.480546;
0.540606;
0.499758;
0.464982;
0.471974;
0.479067;
0.515167;
0.508342;
0.462544;
0.522494;
0.49864;
0.471881;
0.535906;
0.489048;
0.524959;
0.528343;
0.503077;
0.488291;
0.503365;
0.481896;
0.506763;
0.45865;
0.503094;
0.574726;
0.546407;
0.521746;
0.476075;
0.516522;
0.442607;
0.490381;
0.589296;
0.589484;
0.528424;
0.547904;
0.45406;
0.532994;
0.468577;
0.495239;
0.496286;
0.474764;
0.562381;
0.536666;
0.412145;
0.529141;
0.514546;
0.419466;
0.424927;
0.482409;
0.482902;
0.477865;
0.460637;
0.568233;
0.513757;
0.439719;
0.510669;
0.472616;
0.478851;
0.484393;
0.487864;
0.469141;
0.479266;
0.419373;
0.464261;
0.515652;
0.473116;
0.432994;
0.439564;
0.481413;
0.505327;
0.582615;
0.463013;
0.53145;
0.415695;
0.510716;
0.524042;
0.499626;
0.496957;
0.497931;
0.481609;
0.492394;
0.490356;
0.48422;
0.484227;
0.502136;
0.482246;
0.485481;
0.482634;
0.508975;
0.49766;
0.49342;
0.473232;
0.49567;
0.491636;
0.523387;
0.515813;
0.49192;
0.514928;
0.483829;
0.507521;
0.49616;
0.518359;
0.448659;
0.534756;
0.469354;
0.442115;
0.5673;
0.52858;
0.496066;
0.506459;
0.508826;
0.477132;
0.503499;
0.484553;
0.495673;
0.49498;
0.507437;
0.484838;
0.489072;
0.508071;
0.489575;
0.468299;
0.525242;
0.494735;
0.497648;
0.493593;
0.476415;
0.50547;
0.503996;
0.489528;
0.46744;
0.435185;
0.526071;
0.53524;
0.484886;
0.510197;
0.497513;
0.480123;
0.50281;
0.479131;
0.487877;
0.498304;
0.481253;
0.507461;
0.482536;
0.502092;
0.481913;
0.504247;
0.486059;
0.503624;
0.453607;
0.513356;
0.502279;
0.478538;
0.517333;
0.468706;
0.531832;
0.483998;
0.4888;
0.493202;
0.481947;
0.463739;
0.518345;
0.463498;
0.602987;
0.503068;
0.436196;
0.537521;
0.483144;
0.465316;
0.499177;
0.51392;
0.503641;
0.510357;
0.476989;
0.521192;
0.470191;
0.43001;
0.545699;
0.539785;
0.464427;
0.503074;
0.441599;
0.54156;
0.4466;
0.509323;
0.53049;
0.530568;
0.504399;
0.478301;
0.532087;
0.542404;
0.487989;
0.469721;
0.528745;
0.486806;
0.494243;
0.499756;
0.490773;
0.511124;
0.494406;
0.452449;
0.489609;
0.525791;
0.529482;
0.465421;
0.453683;
0.519847;
0.478429;
0.502871;
0.48612;
0.483671;
0.522292;
0.490773;
0.467841;
0.496781;
0.513432;
0.494194;
0.494736;
0.519447;
0.645191;
0.436121;
0.422302;
0.426376;
0.585232;
0.431896;
0.457644;
0.582125;
0.410001;
0.540488;
0.446673;
0.550198;
0.571755;
0.45532;
0.437302;
0.522614;
0.543225;
0.484618;
0.512398;
0.471565;
0.455472;
0.428121;
0.453549;
0.486356;
0.450907;
0.557387;
0.534745;
0.449685;
0.436129;
0.57721;
0.525946;
0.46094;
0.521499;
0.507868;
0.46124;
0.566569;
0.513054;
0.470735;
0.580511;
0.472867;
0.527624;
0.607834;
0.569566;
0.473532;
0.495144;
0.547859;
0.444167;
0.517859;
0.481972;
0.589073;
0.560593;
0.478313;
0.446441;
0.484093;
0.52005;
0.45886;
0.412079;
0.557149;
0.499565;
0.442647;
0.504355;
0.458272;
0.491405;
0.529256;
0.467535;
0.479705;
0.499971;
0.454663;
0.496722;
0.417796;
0.5049;
0.508546;
0.521538;
0.518048;
0.358853;
0.472954;
0.474221;
0.44213;
0.380531;
0.413743;
0.516196;
0.491836;
0.561354;
0.48353;
0.553473;
0.523755;
0.459628;
0.488058;
0.492169;
0.496393;
0.489448;
0.509994;
0.469898;
0.513553;
0.482153;
0.480079;
0.474565;
0.514608;
0.450005;
0.45492;
0.412876;
0.451556;
0.53487;
0.517117;
0.514818;
0.509894;
0.480379;
0.452132;
0.500404;
0.524118;
0.498173;
0.446711;
0.542376;
0.527866;
0.475855;
0.51842;
0.482812;
0.510662;
0.49175;
0.488203;
0.501196;
0.575737;
0.541498;
0.474687;
0.498495;
0.457469;
0.483711;
0.493435;
0.550207;
0.557152;
0.516782;
0.564241;
0.45391;
0.419879;
0.471954;
0.319683;
0.438216;
0.533342;
0.510238;
0.498993;
0.546563;
0.496631;
0.50095;
0.495256;
0.638333;
0.54489;
0.541234;
0.480565;
0.363893;
0.452033;
0.552776;
0.507029;
0.506493;
0.494391;
0.516974;
0.475951;
0.518495;
0.400385;
0.481277;
0.52353;
0.513228;
0.510295;
0.513169;
0.496671;
0.561355;
0.572261;
0.506661;
0.447185;
0.544426;
0.480557;
0.460482;
0.532971;
0.498263;
0.490972;
0.508605;
0.540354;
0.440052;
0.474134;
0.459439;
0.509901;
0.498873;
0.50675;
0.505202;
0.496492;
0.517133;
0.491661;
0.526993;
0.572491;
0.508658;
0.515176;
0.523886;
0.54086;
0.558029;
0.535144;
0.518821;
0.480274;
0.552499;
0.550295;
0.574454;
0.55699;
0.493542;
0.487752;
0.524207;
0.44145;
0.56623;
0.503382;
0.46007;
0.477581;
0.512269;
0.521821;
0.520194;
0.464796;
0.465793;
0.518174;
0.495798;
0.464421;
0.503895;
0.496297;
0.480449;
0.496457;
0.478624;
0.485186;
0.501275;
0.484519;
0.483399;
0.498547;
0.504502;
0.516298;
0.499016;
0.492072;
0.488077;
0.511063;
0.503672;
0.493488;
0.498976;
0.530847;
0.495495;
0.541028;
0.487293;
0.524494;
0.511036;
0.503822;
0.478368;
0.572909;
0.510085;
0.480138;
0.491161;
0.365489;
0.483869;
0.522757;
0.528737;
0.506024;
0.447684;
0.4339;
0.44388;
0.556823;
0.478139;
0.464237;
0.495114;
0.484392;
0.4894;
0.483387;
0.493275;
0.505874;
0.489406;
0.513451;
0.484665;
0.49808;
0.500637;
0.496774;
0.497288;
0.500684;
0.496736;
0.497799;
0.498721;
0.499076;
0.497643;
0.499237;
0.499297;
0.500071;
0.49979;
0.498644;
0.499841;
0.500051;
0.500325;
0.499881;
0.499747;
0.500995;
0.500505;
0.500199;
0.499733;
0.500176;
0.499713;
0.499947;
0.500053;
0.499816;
0.500168;
0.500243;
0.500851;
0.499764;
0.500418;
0.500084;
0.499947;
0.499488;
0.50022;
0.499857;
0.500293;
0.499615;
0.500013;
0.500662;
0.499777;
0.500283;
0.500396;
0.499782;
0.50021;
0.500526;
0.500224;
0.499887;
0.499963;
0.500077;
0.500112;
0.499768;
0.500565;
0.499575;
0.499208;
0.500369;
0.500064;
0.499868;
0.499604;
0.499627;
0.499913;
