0.748821 0.304657 0.251749;
0.748821 0.304231 0.256992;
0.748821 0.304231 0.256992;
0.751358 0.304231 0.256992;
0.751358 0.303836 0.282092;
0.751358 0.303836 0.282092;
0.751358 0.303836 0.282092;
0.751358 0.303836 0.282092;
0.751358 0.303836 0.282092;
0.751358 0.303836 0.282092;
0.738015 0.303836 0.282092;
0.738015 0.303494 0.252114;
0.738015 0.303494 0.252114;
0.738015 0.303494 0.252114;
0.738015 0.303494 0.252114;
0.719455 0.303494 0.252114;
0.702617 0.304855 0.214512;
0.68746 0.307716 0.198941;
0.673825 0.310292 0.189847;
0.673825 0.312611 0.148683;
0.673825 0.312611 0.148683;
0.66157 0.312611 0.148683;
0.66157 0.311104 0.152848;
0.66157 0.311104 0.152848;
0.66157 0.311104 0.152848;
0.650543 0.311104 0.152848;
0.635107 0.306255 0.134466;
0.621291 0.300769 0.116799;
0.614616 0.295264 0.140831;
0.608608 0.290312 0.096985;
0.603199 0.286897 0.0657032;
0.604061 0.283825 0.0779856;
0.613989 0.280023 0.0975523;
0.627753 0.275987 0.070083;
0.641834 0.271234 0.0926443;
0.655128 0.266959 0.0888913;
0.667078 0.263116 0.114543;
0.677967 0.261478 0.149286;
0.687749 0.259956 0.174736;
0.696146 0.258477 0.201383;
0.697841 0.257086 0.239115;
0.697841 0.254156 0.324209;
0.697841 0.254156 0.324209;
0.697841 0.254156 0.324209;
0.692287 0.254156 0.324209;
0.692287 0.251522 0.315205;
0.692287 0.251522 0.315205;
0.692287 0.251522 0.315205;
0.677546 0.251522 0.315205;
0.677546 0.249157 0.25092;
0.677546 0.249157 0.25092;
0.677546 0.249157 0.25092;
0.659757 0.249157 0.25092;
0.659757 0.247032 0.242244;
0.642813 0.247032 0.242244;
0.624853 0.245124 0.218417;
0.624853 0.243928 0.194469;
0.611024 0.243928 0.194469;
0.611024 0.244185 0.159606;
0.611024 0.244185 0.159606;
0.611024 0.244185 0.159606;
0.600401 0.244185 0.159606;
0.600401 0.245222 0.152719;
0.600401 0.245222 0.152719;
0.600401 0.245222 0.152719;
0.592673 0.245222 0.152719;
0.586059 0.24715 0.146294;
0.581755 0.248889 0.117642;
0.57788 0.251593 0.0831811;
0.57404 0.254623 0.0549508;
0.574862 0.255564 0.0842;
0.574882 0.256415 0.0911108;
0.5648 0.257184 0.126134;
0.552878 0.262605 0.173122;
0.547126 0.272302 0.241795;
0.53794 0.281031 0.245611;
0.526698 0.28889 0.258178;
0.516581 0.294348 0.276959;
0.50114 0.295098 0.230985;
0.50114 0.295393 0.219015;
0.50114 0.295393 0.219015;
0.478519 0.295393 0.219015;
0.478519 0.295661 0.206299;
0.478519 0.295661 0.206299;
0.478519 0.295661 0.206299;
0.458171 0.295661 0.206299;
0.458171 0.294553 0.17569;
0.458171 0.294553 0.17569;
0.458171 0.294553 0.17569;
0.439874 0.294553 0.17569;
0.439874 0.293558 0.187466;
0.439874 0.293558 0.187466;
0.427663 0.293558 0.187466;
0.418316 0.293867 0.157976;
0.415317 0.295498 0.1036;
0.416889 0.297391 0.115157;
0.425678 0.297822 0.133651;
0.434625 0.298211 0.232635;
0.448627 0.299318 0.268349;
0.461226 0.302085 0.310288;
0.472565 0.304576 0.362743;
0.483751 0.304482 0.443666;
0.493819 0.303935 0.417434;
0.5043 0.303444 0.392242;
0.523824 0.300274 0.312164;
0.541397 0.295012 0.251728;
0.557213 0.290234 0.205951;
0.568966 0.285935 0.129456;
0.587683 0.282069 0.135379;
0.599352 0.280742 0.135816;
0.609433 0.2807 0.170089;
0.620882 0.280664 0.177001;
0.631181 0.280634 0.161312;
0.638255 0.279365 0.130341;
0.638255 0.276646 0.165635;
0.638255 0.276646 0.165635;
0.642339 0.276646 0.165635;
0.642339 0.273979 0.192458;
0.645374 0.273979 0.192458;
0.645374 0.271581 0.149641;
0.645374 0.271581 0.149641;
0.645374 0.271581 0.149641;
0.6481 0.271581 0.149641;
0.6481 0.269426 0.17549;
0.6481 0.269426 0.17549;
0.6481 0.269426 0.17549;
0.649571 0.269426 0.17549;
0.645976 0.267967 0.156299;
0.634296 0.267458 0.203428;
0.634296 0.268493 0.271438;
0.634296 0.268493 0.271438;
0.634296 0.268493 0.271438;
0.614846 0.268493 0.271438;
0.614846 0.269916 0.226537;
0.595875 0.269916 0.226537;
0.572126 0.272193 0.279238;
0.572126 0.274245 0.268781;
0.546761 0.274245 0.268781;
0.521507 0.277478 0.26414;
0.497707 0.280389 0.24728;
0.476295 0.282612 0.262209;
0.457036 0.282982 0.228984;
0.437388 0.282481 0.241305;
0.424468 0.282151 0.282459;
0.41286 0.281856 0.288789;
0.397342 0.281592 0.356559;
0.383409 0.282934 0.391522;
0.370905 0.284144 0.372027;
0.361088 0.284588 0.350803;
0.348771 0.284831 0.349565;
0.350031 0.283205 0.335955;
0.363674 0.281743 0.298703;
0.36779 0.280431 0.29792;
0.359869 0.27961 0.346059;
0.353592 0.280738 0.356285;
0.351485 0.283205 0.324668;
0.349613 0.287903 0.29401;
0.349613 0.295696 0.29495;
0.349613 0.295696 0.29495;
0.349613 0.295696 0.29495;
0.347951 0.295696 0.29495;
0.347951 0.30271 0.262334;
0.347951 0.30271 0.262334;
0.360462 0.30271 0.262334;
0.394951 0.305459 0.240397;
0.394951 0.304205 0.213637;
0.394951 0.304205 0.213637;
0.436046 0.304205 0.213637;
0.473014 0.30152 0.23398;
0.50628 0.299104 0.232016;
0.531156 0.296932 0.174717;
0.531156 0.293831 0.224353;
0.531156 0.293831 0.224353;
0.531156 0.293831 0.224353;
0.542502 0.293831 0.224353;
0.542502 0.290055 0.407431;
0.542502 0.290055 0.407431;
0.542502 0.290055 0.407431;
0.548441 0.290055 0.407431;
0.548441 0.28872 0.568539;
0.548441 0.28872 0.568539;
0.548441 0.28872 0.568539;
0.549962 0.28872 0.568539;
0.549962 0.289721 0.644085;
0.549962 0.289721 0.644085;
0.549962 0.289721 0.644085;
0.548273 0.289721 0.644085;
0.549813 0.28952 0.684124;
0.555026 0.289342 0.68322;
0.555026 0.290287 0.687532;
0.555304 0.290287 0.687532;
0.555304 0.291139 0.683218;
0.555304 0.291139 0.683218;
0.555304 0.291139 0.683218;
0.54514 0.291139 0.683218;
0.54514 0.290844 0.648112;
0.54514 0.290844 0.648112;
0.536802 0.290844 0.648112;
0.536802 0.288161 0.564789;
0.536802 0.288161 0.564789;
0.536802 0.288161 0.564789;
0.532257 0.288161 0.564789;
0.532257 0.287386 0.707014;
0.532257 0.287386 0.707014;
0.532257 0.287386 0.707014;
0.532257 0.287386 0.707014;
0.528175 0.287386 0.707014;
0.528175 0.286708 0.832173;
0.524502 0.286708 0.832173;
0.524502 0.287258 0.830916;
0.524502 0.287258 0.830916;
0.527285 0.287258 0.830916;
0.527285 0.291885 0.773016;
0.527285 0.291885 0.773016;
0.527285 0.291885 0.773016;
0.529793 0.291885 0.773016;
0.529793 0.296051 0.752964;
0.532051 0.296051 0.752964;
0.53688 0.299802 0.715846;
0.547328 0.30009 0.686954;
0.563918 0.297162 0.590274;
0.578849 0.293475 0.487304;
0.588979 0.290158 0.446284;
0.594052 0.287274 0.38367;
0.594052 0.285295 0.333004;
0.594052 0.285295 0.333004;
0.594052 0.285295 0.333004;
0.596814 0.285295 0.333004;
0.596814 0.284634 0.328627;
0.596814 0.284634 0.328627;
0.596814 0.284634 0.328627;
0.593278 0.284634 0.328627;
0.593278 0.28404 0.29956;
0.593278 0.28404 0.29956;
0.593278 0.28404 0.29956;
0.590094 0.28404 0.29956;
0.590094 0.283508 0.239308;
0.590094 0.283508 0.239308;
0.590094 0.283508 0.239308;
0.588667 0.283508 0.239308;
0.588667 0.282211 0.233356;
0.588667 0.282211 0.233356;
0.588667 0.282211 0.233356;
0.589915 0.282211 0.233356;
0.591038 0.280645 0.267356;
0.59667 0.279238 0.303151;
0.601736 0.277974 0.249694;
0.601736 0.278028 0.218643;
0.606293 0.278028 0.218643;
0.595673 0.279398 0.210498;
0.562856 0.28305 0.199391;
0.533321 0.287816 0.192385;
0.533321 0.292107 0.170671;
0.533321 0.292107 0.170671;
0.533321 0.292107 0.170671;
0.506742 0.292107 0.170671;
0.506742 0.301511 0.130499;
0.506742 0.301511 0.130499;
0.506742 0.301511 0.130499;
0.484387 0.301511 0.130499;
0.484387 0.309977 0.153736;
0.484387 0.309977 0.153736;
0.484387 0.309977 0.153736;
0.466513 0.309977 0.153736;
0.466513 0.314875 0.175742;
0.466513 0.314875 0.175742;
0.466513 0.314875 0.175742;
0.450438 0.314875 0.175742;
0.450438 0.32092 0.153866;
0.450438 0.32092 0.153866;
0.450438 0.32092 0.153866;
0.445366 0.32092 0.153866;
0.445366 0.32636 0.178033;
0.444698 0.32636 0.178033;
0.437026 0.331257 0.193385;
0.420845 0.335386 0.204016;
0.399176 0.339103 0.199969;
0.387686 0.342447 0.240288;
0.377375 0.346883 0.320954;
0.368126 0.352413 0.308227;
0.373455 0.357389 0.293048;
0.373455 0.361867 0.240551;
0.39313 0.361867 0.240551;
0.39313 0.361305 0.2594;
0.39313 0.361305 0.2594;
0.39313 0.361305 0.2594;
0.410824 0.361305 0.2594;
0.426739 0.356422 0.206606;
0.438594 0.352025 0.17218;
0.449262 0.348068 0.175936;
0.458862 0.346785 0.200013;
0.469954 0.347595 0.215409;
0.492576 0.348323 0.181738;
0.512935 0.348978 0.176645;
0.531259 0.348577 0.15156;
0.544184 0.343432 0.137178;
0.538458 0.333366 0.123264;
0.533304 0.323437 0.147877;
0.528667 0.314502 0.168293;
0.518408 0.306859 0.173305;
0.518408 0.300977 0.27219;
0.518408 0.300977 0.27219;
0.506545 0.300977 0.27219;
0.506545 0.295901 0.302012;
0.506545 0.295901 0.302012;
0.506545 0.295901 0.302012;
0.495872 0.295901 0.302012;
0.482454 0.29496 0.279442;
0.47001 0.296217 0.216331;
0.458819 0.29735 0.205081;
0.445835 0.298372 0.166419;
0.437085 0.297287 0.165219;
0.432282 0.294877 0.146862;
0.436587 0.292415 0.155882;
0.440464 0.289957 0.14458;
0.44069 0.287747 0.139343;
0.440898 0.285644 0.134814;
0.441091 0.282797 0.1425;
0.44127 0.279152 0.135269;
0.441868 0.275873 0.140401;
0.449966 0.271911 0.183499;
0.449966 0.267439 0.165633;
0.449966 0.267439 0.165633;
0.449966 0.267439 0.165633;
0.457255 0.267439 0.165633;
0.457255 0.263418 0.158542;
0.457255 0.263418 0.158542;
0.457255 0.263418 0.158542;
0.463817 0.263418 0.158542;
0.463122 0.259802 0.124347;
0.460297 0.257328 0.110873;
0.455891 0.25695 0.102636;
0.450512 0.257161 0.10792;
0.450512 0.258369 0.133829;
0.450512 0.258369 0.133829;
0.445678 0.258369 0.133829;
0.445678 0.260914 0.143138;
0.445678 0.260914 0.143138;
0.445678 0.260914 0.143138;
0.444399 0.260914 0.143138;
0.444399 0.26325 0.164458;
0.444399 0.26325 0.164458;
0.443254 0.26325 0.164458;
0.443254 0.270301 0.131597;
0.443254 0.270301 0.131597;
0.439165 0.270301 0.131597;
0.439165 0.281908 0.133939;
0.439165 0.281908 0.133939;
0.439165 0.281908 0.133939;
0.434061 0.281908 0.133939;
0.434061 0.292356 0.123305;
0.434281 0.292356 0.123305;
0.429886 0.30083 0.176108;
0.425941 0.303193 0.153559;
0.427441 0.30363 0.180929;
0.427441 0.299838 0.191818;
0.427441 0.299838 0.191818;
0.428796 0.299838 0.191818;
0.430022 0.296428 0.18153;
0.427131 0.293359 0.173643;
0.431117 0.290764 0.158774;
0.434708 0.288357 0.200493;
0.448122 0.286193 0.246932;
0.448122 0.287465 0.199971;
0.448122 0.287465 0.199971;
0.463517 0.287465 0.199971;
0.477798 0.285296 0.192003;
0.490892 0.282264 0.184141;
0.493617 0.279537 0.204098;
0.493617 0.280057 0.272623;
0.493617 0.280057 0.272623;
0.496072 0.280057 0.272623;
0.496072 0.283358 0.341571;
0.496072 0.283358 0.341571;
0.496072 0.283358 0.341571;
0.498282 0.283358 0.341571;
0.498282 0.283499 0.322531;
0.507047 0.283499 0.322531;
0.515765 0.283242 0.307292;
0.523611 0.284895 0.313917;
0.523611 0.286577 0.302584;
